Keuwl Accelerometer Data File
2020-08-23 23-37-48

Time (s), X (m/s2), Y (m/s2), Z (m/s2), R (m/s2), Theta (deg), Phi (deg)
0.0000000,-0.137667,-0.013168,9.779117,9.780094,0.810117,185.463837
0.0096460,-0.135272,-0.016759,9.779117,9.780066,0.798439,187.062607
0.0196770,-0.131681,-0.023942,9.777920,9.778835,0.784096,190.304840
0.0296620,-0.136469,-0.025139,9.777920,9.778904,0.813011,190.437469
0.0396910,-0.141258,-0.011971,9.776723,9.777751,0.830866,184.843994
0.0496980,-0.138864,-0.017957,9.782708,9.783710,0.820199,187.368057
0.0596690,-0.140061,-0.016759,9.783905,9.784922,0.825905,186.823456
0.0696280,-0.132878,-0.023942,9.776723,9.777655,0.791053,190.213974
0.0797040,-0.125696,-0.016759,9.777920,9.778742,0.742831,187.594650
0.0896530,-0.126893,-0.023942,9.780313,9.781166,0.756405,190.684906
0.0996670,-0.140061,-0.022745,9.786300,9.787328,0.830394,189.223923
0.1096770,-0.138864,-0.027533,9.777920,9.778944,0.829215,191.214920
0.1196450,-0.130484,-0.021548,9.779117,9.780010,0.774555,189.377060
0.1296660,-0.120907,-0.020351,9.780313,9.781082,0.718188,189.554291
0.1396690,-0.137667,-0.023942,9.779117,9.780114,0.818288,189.865799
0.1496570,-0.131681,-0.025139,9.780313,9.781233,0.785592,190.808228
0.1597000,-0.125696,-0.019154,9.780313,9.781140,0.744936,188.664139
0.1697900,-0.128090,-0.026336,9.782708,9.783582,0.765662,191.618530
0.1796640,-0.129287,-0.017957,9.776723,9.777595,0.765150,187.907166
0.1896690,-0.132878,-0.016759,9.776723,9.777640,0.784844,187.188538
0.1997050,-0.134075,-0.014365,9.775525,9.776455,0.790310,186.115509
0.2096640,-0.125696,-0.017957,9.774328,9.775153,0.744410,188.130096
0.2197420,-0.124498,-0.016759,9.770737,9.771544,0.736217,187.666809
0.2297030,-0.135272,-0.017957,9.768343,9.769297,0.800642,187.561432
0.2397060,-0.138864,-0.009577,9.776723,9.777714,0.815654,183.945190
0.2497600,-0.132878,-0.017957,9.779117,9.780036,0.785592,187.696045
0.2596650,-0.135272,-0.022745,9.779117,9.780078,0.803326,189.544525
0.2697260,-0.124498,-0.025139,9.783905,9.784729,0.743621,191.415833
0.2797230,-0.129287,-0.014365,9.775525,9.776390,0.762075,186.340195
0.2897120,-0.132878,-0.021548,9.781511,9.782437,0.788327,189.211029
0.2996940,-0.132878,-0.025139,9.780313,9.781248,0.792041,190.713120
0.3096810,-0.129287,-0.025139,9.777920,9.778807,0.771771,191.003540
0.3197320,-0.128090,-0.022745,9.785102,9.785967,0.761818,190.069061
0.3296580,-0.125696,-0.022745,9.774328,9.775163,0.748604,190.256821
0.3396780,-0.134075,-0.021548,9.779117,9.780059,0.795247,189.130173
0.3497020,-0.135272,-0.015562,9.781511,9.782459,0.797703,186.562698
0.3596750,-0.131681,-0.019154,9.779117,9.780022,0.779591,188.275894
0.3696590,-0.130484,-0.022745,9.779117,9.780013,0.775817,189.887985
0.3797060,-0.130484,-0.026336,9.768343,9.769250,0.780845,191.410980
0.3896540,-0.125696,-0.020351,9.781511,9.782340,0.745723,189.196655
0.4003780,-0.134075,-0.014365,9.777920,9.778850,0.790063,186.115509
0.4096790,-0.132878,-0.021548,9.779117,9.780043,0.788575,189.211029
0.4203260,-0.140061,-0.021548,9.779117,9.780143,0.829923,188.746170
0.4296840,-0.137667,-0.025139,9.776723,9.777724,0.819961,190.348679
0.4396750,-0.131681,-0.027533,9.780313,9.781239,0.788079,191.809875
0.4496850,-0.128090,-0.025139,9.779117,9.779987,0.764639,191.103836
0.4597020,-0.138864,-0.022745,9.785102,9.786114,0.824008,189.302048
0.4697020,-0.128090,-0.021548,9.780313,9.781176,0.760790,189.549133
0.4796770,-0.138864,-0.011971,9.782708,9.783701,0.816133,184.927109
0.4896630,-0.131681,-0.023942,9.782708,9.783624,0.783846,190.304840
0.5001680,-0.137667,-0.025139,9.785102,9.786102,0.819244,190.348679
0.5096760,-0.126893,-0.025139,9.770737,9.771593,0.758472,191.205948
0.5200830,-0.130484,-0.025139,9.777920,9.778822,0.778335,190.905014
0.5296580,-0.129287,-0.016759,9.775525,9.776395,0.764383,187.386047
0.5397620,-0.134075,-0.020351,9.777920,9.778860,0.794508,188.630798
0.5496720,-0.135272,-0.017957,9.774328,9.775281,0.799908,187.561432
0.5597980,-0.144849,-0.019154,9.777920,9.779011,0.855923,187.532608
0.5696350,-0.134075,-0.022745,9.780313,9.781259,0.796476,189.628159
0.5796530,-0.126893,-0.025139,9.763555,9.764411,0.758730,191.205948
0.5896760,-0.138864,-0.021548,9.775525,9.776535,0.823532,188.820374
0.5996709,-0.130484,-0.025139,9.779117,9.780019,0.778335,190.905014
0.6096690,-0.132878,-0.023942,9.771935,9.772867,0.791547,190.213974
0.6197120,-0.131681,-0.021548,9.782708,9.783618,0.781346,189.293304
0.6296560,-0.131681,-0.021548,9.775525,9.776436,0.782097,189.293304
0.6397070,-0.137667,-0.021548,9.774328,9.775321,0.816613,188.895859
0.6496530,-0.126893,-0.023942,9.780313,9.781166,0.756405,190.684906
0.6596830,-0.125696,-0.025139,9.774328,9.775168,0.751214,191.309937
0.6696660,-0.128090,-0.023942,9.780313,9.781181,0.763358,190.587326
0.6796709,-0.129287,-0.021548,9.781511,9.782390,0.767703,189.462326
0.6896610,-0.131681,-0.020351,9.776723,9.777631,0.780845,188.785294
0.6997010,-0.135272,-0.015562,9.780313,9.781261,0.797703,186.562698
0.7096580,-0.134075,-0.014365,9.780313,9.781243,0.790063,186.115509
0.7196730,-0.130484,-0.021548,9.775525,9.776420,0.775060,189.377060
0.7296389,-0.130484,-0.009577,9.775525,9.776401,0.766683,184.197662
0.7397020,-0.138864,-0.013168,9.779117,9.780111,0.817092,185.417023
0.7496860,-0.128090,-0.020351,9.774328,9.775188,0.760018,189.027618
0.7596520,-0.130484,-0.017957,9.773131,9.774019,0.772278,187.835526
0.7696820,-0.124498,-0.023942,9.775525,9.776347,0.743095,190.885529
0.7796810,-0.135272,-0.017957,9.776723,9.777676,0.799908,187.561432
0.7896930,-0.130484,-0.025139,9.777920,9.778822,0.778335,190.905014
0.7996810,-0.131681,-0.022745,9.780313,9.781226,0.782597,189.799850
0.8096440,-0.142455,-0.014365,9.780313,9.781362,0.838835,185.758255
0.8196600,-0.136469,-0.017957,9.781511,9.782479,0.806000,187.495850
0.8296440,-0.131681,-0.020351,9.782708,9.783615,0.780093,188.785294
0.8396500,-0.132878,-0.023942,9.780313,9.781245,0.790805,190.213974
0.8496370,-0.126893,-0.023942,9.774328,9.775181,0.756664,190.684906
0.8596590,-0.135272,-0.020351,9.779117,9.780073,0.801374,188.555557
0.8696430,-0.134075,-0.014365,9.775525,9.776455,0.790310,186.115509
0.8796710,-0.132878,-0.011971,9.780313,9.781223,0.781596,185.147888
0.8896559,-0.130484,-0.013168,9.779117,9.779996,0.768213,185.762634
0.8997740,-0.128090,-0.021548,9.773131,9.773994,0.761304,189.549133
0.9096580,-0.132878,-0.025139,9.779117,9.780051,0.792041,190.713120
0.9196690,-0.134075,-0.026336,9.780313,9.781268,0.800397,191.113037
0.9296780,-0.124498,-0.026336,9.769540,9.770369,0.746248,191.944183
0.9396720,-0.137667,-0.025139,9.775525,9.776526,0.819961,190.348679
0.9496949,-0.136469,-0.016759,9.777920,9.778886,0.805272,187.001266
0.9597020,-0.132878,-0.025139,9.783905,9.784840,0.791794,190.713120
0.9696940,-0.134075,-0.019154,9.777920,9.778857,0.793276,188.130096
0.9796910,-0.129287,-0.019154,9.770737,9.771610,0.766172,188.426971
0.9896800,-0.130484,-0.023942,9.781511,9.782411,0.776825,190.397339
0.9997080,-0.126893,-0.019154,9.776723,9.777565,0.751995,188.583618
1.0096999,-0.132878,-0.017957,9.776723,9.777642,0.785592,187.696045
1.0196630,-0.132878,-0.017957,9.773131,9.774052,0.786339,187.696045
1.0296580,-0.124498,-0.019154,9.775525,9.776337,0.738340,188.746170
1.0396750,-0.136469,-0.014365,9.775525,9.776488,0.804299,186.009003
1.0496429,-0.132878,-0.017957,9.780313,9.781233,0.785592,187.696045
1.0596960,-0.129287,-0.017957,9.777920,9.778790,0.764639,187.907166
1.0696590,-0.125696,-0.022745,9.775525,9.776360,0.748604,190.256821
1.0796839,-0.134075,-0.020351,9.780313,9.781254,0.794508,188.630798
1.0896850,-0.130484,-0.026336,9.777920,9.778826,0.779842,191.410980
1.0996970,-0.129287,-0.022745,9.780313,9.781195,0.768977,189.977707
1.1096729,-0.135272,-0.022745,9.773131,9.774094,0.804056,189.544525
1.1196849,-0.134075,-0.021548,9.774328,9.775271,0.795985,189.130173
1.1296690,-0.132878,-0.014365,9.776723,9.777637,0.783347,186.170181
1.1396550,-0.132878,-0.019154,9.779117,9.780038,0.786339,188.202347
1.1496779,-0.131681,-0.023942,9.777920,9.778835,0.784096,190.304840
1.1596820,-0.122104,-0.025139,9.768343,9.769138,0.731149,191.633636
1.1696789,-0.130484,-0.021548,9.777920,9.778813,0.774555,189.377060
1.1797440,-0.128090,-0.015562,9.773131,9.773983,0.756405,186.927216
1.1897149,-0.135272,-0.020351,9.777920,9.778876,0.801374,188.555557
1.1996610,-0.142455,-0.022745,9.783905,9.784968,0.844646,189.071503
1.2097049,-0.137667,-0.022745,9.775525,9.776521,0.817810,189.381516
1.2197479,-0.122104,-0.022745,9.771935,9.772724,0.728468,190.551804
1.2296860,-0.130484,-0.021548,9.780313,9.781207,0.774555,189.377060
1.2397439,-0.136469,-0.017957,9.781511,9.782479,0.806000,187.495850
1.2496910,-0.129287,-0.023942,9.771935,9.772820,0.771010,190.491470
1.2596500,-0.128090,-0.021548,9.781511,9.782373,0.760790,189.549133
1.2696840,-0.132878,-0.014365,9.780313,9.781226,0.782597,186.170181
1.2797049,-0.136469,-0.017957,9.780313,9.781282,0.806486,187.495850
1.2896440,-0.132878,-0.020351,9.776723,9.777647,0.787830,188.707367
1.2996700,-0.136469,-0.027533,9.776723,9.777714,0.815654,191.406555
1.3096560,-0.134075,-0.025139,9.780313,9.781265,0.799419,190.619659
1.3196479,-0.132878,-0.023942,9.777920,9.778852,0.791053,190.213974
1.3296669,-0.138864,-0.025139,9.776723,9.777741,0.827089,190.261368
1.3396690,-0.130484,-0.021548,9.775525,9.776420,0.775060,189.377060
1.3496600,-0.128090,-0.023942,9.776723,9.777592,0.763870,190.587326
1.3596569,-0.131681,-0.022745,9.777920,9.778832,0.782847,189.799850
1.3696409,-0.126893,-0.019154,9.781511,9.782353,0.751734,188.583618
1.3796710,-0.123301,-0.023942,9.771935,9.772742,0.736748,190.988647
1.3896600,-0.134075,-0.025139,9.777920,9.778872,0.799419,190.619659
1.3996871,-0.131681,-0.026336,9.779117,9.780039,0.786836,191.309937
1.4096470,-0.135272,-0.010774,9.775525,9.776467,0.795493,184.553772
1.4196490,-0.132878,-0.016759,9.775525,9.776443,0.784844,187.188538
1.4296420,-0.130484,-0.015562,9.777920,9.778803,0.769994,186.801315
1.4396650,-0.124498,-0.021548,9.775525,9.776341,0.740457,189.819305
1.4496419,-0.131681,-0.021548,9.773131,9.774042,0.782097,189.293304
1.4596430,-0.132878,-0.023942,9.781511,9.782443,0.790805,190.213974
1.4696490,-0.135272,-0.015562,9.780313,9.781261,0.797703,186.562698
1.4796660,-0.129287,-0.025139,9.785102,9.785989,0.771517,191.003540
1.4896450,-0.128090,-0.022745,9.781511,9.782376,0.761818,190.069061
1.4996629,-0.131681,-0.023942,9.781511,9.782427,0.783846,190.304840
1.5096480,-0.135272,-0.017957,9.781511,9.782463,0.799174,187.561432
1.5197049,-0.131681,-0.025139,9.786300,9.787218,0.784844,190.808228
1.5296700,-0.136469,-0.017957,9.781511,9.782479,0.806000,187.495850
1.5396540,-0.135272,-0.010774,9.779117,9.780058,0.795001,184.553772
1.5496711,-0.131681,-0.015562,9.775525,9.776424,0.777077,186.740051
1.5596770,-0.128090,-0.014365,9.780313,9.781163,0.755111,186.398956
1.5696540,-0.129287,-0.017957,9.779117,9.779987,0.764639,187.907166
1.5796970,-0.128090,-0.023942,9.779117,9.779984,0.763358,190.587326
1.5896419,-0.132878,-0.017957,9.781511,9.782431,0.785592,187.696045
1.5997130,-0.131681,-0.025139,9.779117,9.780035,0.785093,190.808228
1.6096699,-0.131681,-0.020351,9.783905,9.784812,0.780093,188.785294
1.6196849,-0.141258,-0.020351,9.777920,9.778961,0.836265,188.198074
1.6296920,-0.123301,-0.023942,9.775525,9.776332,0.736217,190.988647
1.6396729,-0.138864,-0.023942,9.785102,9.786117,0.825194,189.782410
1.6496689,-0.137667,-0.022745,9.782708,9.783703,0.817092,189.381516
1.6596689,-0.136469,-0.023942,9.779117,9.780098,0.811565,189.950623
1.6696730,-0.125696,-0.025139,9.779117,9.779957,0.750953,191.309937
1.6796750,-0.125696,-0.017957,9.775525,9.776350,0.744410,188.130096
1.6896820,-0.136469,-0.014365,9.781511,9.782474,0.803569,186.009003
1.6996650,-0.134075,-0.016759,9.776723,9.777657,0.791794,187.125015
1.7097200,-0.130484,-0.023942,9.781511,9.782411,0.776825,190.397339
1.7196859,-0.132878,-0.017957,9.781511,9.782431,0.785592,187.696045
1.7296669,-0.134075,-0.017957,9.776723,9.777658,0.792535,187.628143
1.7403060,-0.143652,-0.015562,9.776723,9.777791,0.846960,186.182938
1.7497070,-0.135272,-0.023942,9.783905,9.784870,0.804786,190.036896
1.7598580,-0.137667,-0.023942,9.785102,9.786099,0.818049,189.865799
1.7696710,-0.136469,-0.016759,9.782708,9.783674,0.805272,187.001266
1.7797480,-0.134075,-0.022745,9.785102,9.786047,0.796230,189.628159
1.7896650,-0.131681,-0.023942,9.774328,9.775245,0.784595,190.304840
1.7997199,-0.129287,-0.015562,9.780313,9.781180,0.762845,186.863693
1.8096560,-0.134075,-0.020351,9.773131,9.774072,0.794754,188.630798
1.8196878,-0.126893,-0.023942,9.771935,9.772788,0.757181,190.684906
1.8296770,-0.125696,-0.021548,9.783905,9.784737,0.747034,189.727585
1.8396729,-0.126893,-0.020351,9.777920,9.778764,0.752775,189.111359
1.8497210,-0.131681,-0.025139,9.785102,9.786020,0.784844,190.808228
1.8597020,-0.129287,-0.025139,9.783905,9.784792,0.771517,191.003540
1.8696489,-0.129287,-0.017957,9.782708,9.783579,0.764383,187.907166
1.8796690,-0.129287,-0.021548,9.779117,9.779995,0.767958,189.462326
1.8896980,-0.129287,-0.025139,9.786300,9.787186,0.771010,191.003540
1.8997070,-0.129287,-0.014365,9.768343,9.769209,0.762845,186.340195
1.9096870,-0.132878,-0.016759,9.781511,9.782428,0.784345,187.188538
1.9199659,-0.131681,-0.015562,9.782708,9.783607,0.776573,186.740051
1.9296590,-0.126893,-0.015562,9.776723,9.777558,0.748866,186.991928
1.9396639,-0.129287,-0.022745,9.777920,9.778801,0.769231,189.977707
1.9496440,-0.130484,-0.015562,9.779117,9.779999,0.769485,186.801315
1.9597259,-0.131681,-0.022745,9.783905,9.784818,0.782597,189.799850
1.9696718,-0.131681,-0.017957,9.777920,9.778823,0.778586,187.765167
1.9796660,-0.138864,-0.022745,9.779117,9.780128,0.824245,189.302048
1.9896530,-0.134075,-0.014365,9.777920,9.778850,0.790063,186.115509
1.9999179,-0.138864,-0.022745,9.782708,9.783720,0.824008,189.302048
2.0096369,-0.131681,-0.014365,9.775525,9.776423,0.776321,186.225830
2.0196850,-0.123301,-0.025139,9.769540,9.770350,0.738075,191.523727
2.0297308,-0.125696,-0.017957,9.775525,9.776350,0.744410,188.130096
2.0396810,-0.131681,-0.014365,9.777920,9.778817,0.776321,186.225830
2.0496628,-0.132878,-0.022745,9.782708,9.783637,0.789567,189.713257
2.0596650,-0.129287,-0.014365,9.779117,9.779982,0.762075,186.340195
2.0696678,-0.132878,-0.022745,9.783905,9.784834,0.789567,189.713257
2.0796549,-0.128090,-0.020351,9.777920,9.778780,0.760018,189.027618
2.0896728,-0.136469,-0.019154,9.780313,9.781284,0.807213,187.989334
2.0997241,-0.126893,-0.023942,9.779117,9.779969,0.756664,190.684906
2.1096389,-0.126893,-0.023942,9.779117,9.779969,0.756664,190.684906
2.1196809,-0.126893,-0.023942,9.776723,9.777575,0.756664,190.684906
2.1309209,-0.132878,-0.023942,9.781511,9.782443,0.790805,190.213974
2.1396990,-0.132878,-0.023942,9.781511,9.782443,0.790805,190.213974
2.1496770,-0.131681,-0.022745,9.783905,9.784818,0.782597,189.799850
2.1597040,-0.135272,-0.014365,9.779117,9.780063,0.796967,186.061783
2.1697378,-0.141258,-0.021548,9.785102,9.786145,0.836733,188.673172
2.1796670,-0.130484,-0.023942,9.775525,9.776425,0.777580,190.397339
2.1897979,-0.132878,-0.022745,9.781511,9.782440,0.789567,189.713257
2.1996889,-0.132878,-0.015562,9.777920,9.778834,0.783597,186.679886
2.2096660,-0.125696,-0.020351,9.777920,9.778749,0.745986,189.196655
2.2196829,-0.130484,-0.013168,9.780313,9.781193,0.768213,185.762634
2.2296760,-0.124498,-0.023942,9.781511,9.782333,0.742831,190.885529
2.2401190,-0.137667,-0.015562,9.781511,9.782493,0.811565,186.449539
2.2496541,-0.132878,-0.016759,9.782708,9.783625,0.784345,187.188538
2.2596719,-0.132878,-0.019154,9.785102,9.786023,0.786090,188.202347
2.2698748,-0.137667,-0.013168,9.781511,9.782489,0.809876,185.463837
2.2797120,-0.135272,-0.020351,9.785102,9.786058,0.801130,188.555557
2.2896609,-0.130484,-0.017957,9.780313,9.781200,0.771517,187.835526
2.2996819,-0.125696,-0.022745,9.775525,9.776360,0.748604,190.256821
2.3096991,-0.134075,-0.014365,9.781511,9.782440,0.789567,186.115509
2.3197408,-0.122104,-0.023942,9.780313,9.781105,0.729005,191.093719
2.3296728,-0.123301,-0.022745,9.782708,9.783512,0.734620,190.451630
2.3397059,-0.128090,-0.023942,9.782708,9.783576,0.763102,190.587326
2.3496959,-0.124498,-0.020351,9.776723,9.777537,0.739399,189.283554
2.3596821,-0.132878,-0.025139,9.773131,9.774067,0.792782,190.713120
2.3696780,-0.128090,-0.021548,9.775525,9.776388,0.761304,189.549133
2.3797381,-0.131681,-0.017957,9.782708,9.783610,0.778083,187.765167
2.3897378,-0.129287,-0.015562,9.777920,9.778787,0.762845,186.863693
2.3996780,-0.128090,-0.023942,9.787497,9.788364,0.762845,190.587326
2.4096649,-0.130484,-0.023942,9.777920,9.778820,0.777580,190.397339
2.4197509,-0.135272,-0.020351,9.779117,9.780073,0.801374,188.555557
2.4296620,-0.129287,-0.017957,9.782708,9.783579,0.764383,187.907166
2.4397008,-0.124498,-0.021548,9.775525,9.776341,0.740457,189.819305
2.4496508,-0.136469,-0.020351,9.782708,9.783681,0.807940,188.481613
2.4596639,-0.128090,-0.017957,9.775525,9.776381,0.757956,187.980118
2.4697399,-0.137667,-0.021548,9.779117,9.780109,0.816373,188.895859
2.4796810,-0.123301,-0.021548,9.780313,9.781115,0.733287,189.912750
2.4896278,-0.129287,-0.023942,9.779117,9.780001,0.770502,190.491470
2.4996850,-0.136469,-0.025139,9.779117,9.780101,0.812770,190.437469
2.5096588,-0.130484,-0.019154,9.775525,9.776415,0.773037,188.350754
2.5196769,-0.126893,-0.022745,9.774328,9.775178,0.755370,190.162079
2.5296481,-0.132878,-0.025139,9.780313,9.781248,0.792041,190.713120
2.5396700,-0.126893,-0.022745,9.773131,9.773982,0.755888,190.162079
2.5496550,-0.128090,-0.025139,9.782708,9.783579,0.764383,191.103836
2.5596700,-0.128090,-0.013168,9.780313,9.781161,0.754333,185.869598
2.5696628,-0.124498,-0.017957,9.774328,9.775138,0.737544,188.207214
2.5797451,-0.137667,-0.019154,9.783905,9.784892,0.813732,187.920746
2.5896361,-0.126893,-0.017957,9.782708,9.783547,0.750432,188.054413
2.5996521,-0.134075,-0.021548,9.782708,9.783650,0.795247,189.130173
2.6105049,-0.141258,-0.020351,9.777920,9.778961,0.836265,188.198074
2.6196630,-0.130484,-0.019154,9.781511,9.782400,0.772278,188.350754
2.6296840,-0.129287,-0.017957,9.774328,9.775200,0.765150,187.907166
2.6396301,-0.134075,-0.013168,9.775525,9.776453,0.789319,185.609268
2.6496119,-0.132878,-0.025139,9.785102,9.786036,0.791794,190.713120
2.6596289,-0.129287,-0.020351,9.781511,9.782387,0.766428,188.945389
2.6696398,-0.140061,-0.021548,9.781511,9.782537,0.829923,188.746170
2.6796868,-0.131681,-0.025139,9.777920,9.778839,0.785592,190.808228
2.6896780,-0.138864,-0.010774,9.777920,9.778912,0.816133,184.436478
2.7008340,-0.137667,-0.019154,9.779117,9.780104,0.813973,187.920746
2.7096698,-0.130484,-0.010774,9.780313,9.781190,0.766938,184.720139
2.7196767,-0.129287,-0.017957,9.773131,9.774003,0.765150,187.907166
2.7299330,-0.134075,-0.020351,9.783905,9.784844,0.794015,188.630798
2.7396979,-0.135272,-0.013168,9.780313,9.781258,0.795985,185.559952
2.7497001,-0.123301,-0.023942,9.776723,9.777530,0.735951,190.988647
2.7596641,-0.131681,-0.011971,9.781511,9.782405,0.774555,185.194427
2.7696638,-0.136469,-0.017957,9.774328,9.775297,0.806728,187.495850
2.7797492,-0.134075,-0.015562,9.780313,9.781245,0.790805,186.620773
2.7896588,-0.130484,-0.020351,9.775525,9.776417,0.773796,188.864624
2.7996438,-0.128090,-0.017957,9.773131,9.773988,0.758472,187.980118
2.8096550,-0.134075,-0.023942,9.785102,9.786050,0.797458,190.124664
2.8196399,-0.132878,-0.016759,9.782708,9.783625,0.784345,187.188538
2.8296969,-0.128090,-0.016759,9.779117,9.779969,0.756664,187.454300
2.8396869,-0.132878,-0.019154,9.782708,9.783629,0.786339,188.202347
2.8496740,-0.122104,-0.025139,9.774328,9.775123,0.730346,191.633636
2.8597000,-0.132878,-0.023942,9.780313,9.781245,0.790805,190.213974
2.8696420,-0.131681,-0.022745,9.781511,9.782424,0.782597,189.799850
2.8797388,-0.128090,-0.019154,9.781511,9.782369,0.758472,188.504578
2.8896708,-0.135272,-0.025139,9.780313,9.781281,0.806000,190.527786
2.8997600,-0.135272,-0.014365,9.779117,9.780063,0.796967,186.061783
2.9096749,-0.124498,-0.015562,9.779117,9.779922,0.735153,187.125015
2.9196820,-0.135272,-0.026336,9.779117,9.780087,0.807213,191.017105
2.9296939,-0.125696,-0.017957,9.780313,9.781137,0.743621,188.130096
2.9397328,-0.131681,-0.021548,9.777920,9.778831,0.782097,189.293304
2.9496629,-0.128090,-0.025139,9.782708,9.783579,0.764383,191.103836
2.9596889,-0.128090,-0.023942,9.781511,9.782379,0.763102,190.587326
2.9696460,-0.125696,-0.014365,9.780313,9.781132,0.741249,186.519806
2.9797008,-0.123301,-0.022745,9.779117,9.779921,0.734620,190.451630
2.9896748,-0.132878,-0.021548,9.783905,9.784831,0.788327,189.211029
2.9997039,-0.138864,-0.017957,9.785102,9.786104,0.819961,187.368057
3.0097358,-0.126893,-0.019154,9.780313,9.781156,0.751734,188.583618
3.0196731,-0.138864,-0.025139,9.781511,9.782529,0.826379,190.261368
3.0296478,-0.137667,-0.021548,9.781511,9.782504,0.816373,188.895859
3.0396941,-0.125696,-0.009577,9.777920,9.778732,0.738605,184.356979
3.0497129,-0.132878,-0.016759,9.780313,9.781231,0.784844,187.188538
3.0596819,-0.134075,-0.016759,9.775525,9.776459,0.791794,187.125015
3.0696559,-0.129287,-0.020351,9.773131,9.774008,0.767193,188.945389
3.0796957,-0.138864,-0.023942,9.781511,9.782526,0.825194,189.782410
3.0896719,-0.125696,-0.022745,9.776723,9.777557,0.748604,190.256821
3.0997179,-0.134075,-0.016759,9.780313,9.781247,0.791547,187.125015
3.1096509,-0.132878,-0.021548,9.781511,9.782437,0.788327,189.211029
3.1197639,-0.137667,-0.023942,9.783905,9.784903,0.818049,189.865799
3.1296659,-0.134075,-0.014365,9.780313,9.781243,0.790063,186.115509
3.1397250,-0.136469,-0.017957,9.777920,9.778889,0.806486,187.495850
3.1496518,-0.132878,-0.022745,9.775525,9.776455,0.790310,189.713257
3.1596620,-0.134075,-0.015562,9.779117,9.780048,0.790805,186.620773
3.1696439,-0.132878,-0.023942,9.777920,9.778852,0.791053,190.213974
3.1796510,-0.132878,-0.022745,9.775525,9.776455,0.790310,189.713257
3.1896629,-0.135272,-0.025139,9.783905,9.784872,0.805515,190.527786
3.1996899,-0.130484,-0.019154,9.773131,9.774021,0.773037,188.350754
3.2096639,-0.130484,-0.016759,9.777920,9.778805,0.770756,187.319016
3.2196589,-0.134075,-0.016759,9.780313,9.781247,0.791547,187.125015
3.2296340,-0.130484,-0.013168,9.781511,9.782391,0.768213,185.762634
3.2397270,-0.120907,-0.021548,9.771935,9.772706,0.720093,190.105042
3.2497311,-0.131681,-0.023942,9.781511,9.782427,0.783846,190.304840
3.2598567,-0.129287,-0.016759,9.781511,9.782380,0.763614,187.386047
3.2697389,-0.134075,-0.021548,9.781511,9.782454,0.795247,189.130173
3.2797120,-0.130484,-0.021548,9.780313,9.781207,0.774555,189.377060
3.2896528,-0.140061,-0.019154,9.776723,9.777745,0.828507,187.787018
3.2996168,-0.131681,-0.021548,9.776723,9.777634,0.782097,189.293304
3.3096719,-0.124498,-0.023942,9.774328,9.775150,0.743095,190.885529
3.3196530,-0.128090,-0.022745,9.781511,9.782376,0.761818,190.069061
3.3296318,-0.136469,-0.017957,9.780313,9.781282,0.806486,187.495850
3.3396590,-0.137667,-0.017957,9.786300,9.787284,0.812529,187.431412
3.3496850,-0.131681,-0.021548,9.781511,9.782421,0.781346,189.293304
3.3596768,-0.126893,-0.020351,9.770737,9.771582,0.753554,189.111359
3.3696709,-0.134075,-0.013168,9.779117,9.780045,0.789319,185.609268
3.3796721,-0.131681,-0.011971,9.781511,9.782405,0.774555,185.194427
3.3896780,-0.130484,-0.022745,9.776723,9.777620,0.776321,189.887985
3.3996658,-0.126893,-0.021548,9.773131,9.773979,0.754592,189.637543
3.4096630,-0.134075,-0.023942,9.783905,9.784853,0.797458,190.124664
3.4197538,-0.136469,-0.021548,9.782708,9.783684,0.809150,188.972626
3.4296670,-0.138864,-0.022745,9.780313,9.781325,0.824245,189.302048
3.4397118,-0.132878,-0.019154,9.779117,9.780038,0.786339,188.202347
3.4496739,-0.136469,-0.016759,9.777920,9.778886,0.805272,187.001266
3.4597149,-0.134075,-0.021548,9.780313,9.781257,0.795739,189.130173
3.4697168,-0.129287,-0.023942,9.785102,9.785985,0.769740,190.491470
3.4796438,-0.140061,-0.017957,9.786300,9.787318,0.826616,187.305756
3.4897530,-0.134075,-0.015562,9.780313,9.781245,0.790805,186.620773
3.4997220,-0.134075,-0.026336,9.781511,9.782466,0.800397,191.113037
3.5096488,-0.123301,-0.021548,9.781511,9.782312,0.733287,189.912750
3.5196719,-0.135272,-0.015562,9.777920,9.778868,0.797703,186.562698
3.5296819,-0.138864,-0.017957,9.780313,9.781316,0.820199,187.368057
3.5396478,-0.132878,-0.019154,9.777920,9.778841,0.786587,188.202347
3.5496707,-0.128090,-0.025139,9.787497,9.788367,0.764127,191.103836
3.5596609,-0.143652,-0.022745,9.781511,9.782593,0.852028,188.997147
3.5696559,-0.132878,-0.019154,9.781511,9.782433,0.786339,188.202347
3.5796840,-0.135272,-0.022745,9.782708,9.783669,0.803082,189.544525
3.5896487,-0.135272,-0.013168,9.776723,9.777668,0.796722,185.559952
3.5997648,-0.126893,-0.013168,9.779117,9.779948,0.747296,185.924576
3.6096559,-0.143652,-0.010774,9.780313,9.781374,0.843719,184.289154
3.6196580,-0.136469,-0.020351,9.781511,9.782484,0.807940,188.481613
3.6296477,-0.140061,-0.013168,9.779117,9.780128,0.824245,185.371002
3.6396549,-0.134075,-0.022745,9.780313,9.781259,0.796476,189.628159
3.6496470,-0.135272,-0.021548,9.780313,9.781273,0.802594,189.050720
3.6596458,-0.136469,-0.025139,9.782708,9.783692,0.812770,190.437469
3.6697657,-0.134075,-0.022745,9.783905,9.784850,0.796230,189.628159
3.6796448,-0.128090,-0.016759,9.779117,9.779969,0.756664,187.454300
3.6896529,-0.130484,-0.023942,9.782708,9.783607,0.776825,190.397339
3.6996427,-0.131681,-0.021548,9.781511,9.782421,0.781346,189.293304
3.7096529,-0.136469,-0.025139,9.780313,9.781298,0.812770,190.437469
3.7196851,-0.134075,-0.022745,9.781511,9.782456,0.796476,189.628159
3.7296429,-0.137667,-0.014365,9.780313,9.781293,0.810841,185.957138
3.7397668,-0.130484,-0.023942,9.782708,9.783607,0.776825,190.397339
3.7496297,-0.140061,-0.026336,9.782708,9.783746,0.834391,190.649216
3.7596519,-0.138864,-0.023942,9.783905,9.784920,0.825194,189.782410
3.7696328,-0.131681,-0.019154,9.777920,9.778825,0.779591,188.275894
3.7796438,-0.132878,-0.025139,9.782708,9.783643,0.792041,190.713120
3.7896340,-0.125696,-0.015562,9.780313,9.781134,0.742041,187.057846
3.7996421,-0.132878,-0.021548,9.777920,9.778846,0.788575,189.211029
3.8096559,-0.130484,-0.023942,9.771935,9.772835,0.777832,190.397339
3.8196688,-0.136469,-0.023942,9.774328,9.775311,0.812288,189.950623
3.8296361,-0.131681,-0.013168,9.777920,9.778815,0.775312,185.710587
3.8396509,-0.135272,-0.021548,9.780313,9.781273,0.802594,189.050720
3.8496268,-0.137667,-0.022745,9.775525,9.776521,0.817810,189.381516
3.8596740,-0.132878,-0.021548,9.779117,9.780043,0.788575,189.211029
3.8696609,-0.134075,-0.014365,9.776723,9.777653,0.790063,186.115509
3.8797140,-0.123301,-0.021548,9.779117,9.779918,0.733287,189.912750
3.8896580,-0.126893,-0.019154,9.774328,9.775170,0.751995,188.583618
3.8997397,-0.137667,-0.025139,9.783905,9.784906,0.819722,190.348679
3.9096360,-0.136469,-0.019154,9.775525,9.776496,0.807456,187.989334
3.9196379,-0.128090,-0.022745,9.774328,9.775194,0.762589,190.069061
3.9296377,-0.131681,-0.020351,9.780313,9.781221,0.780594,188.785294
3.9396629,-0.141258,-0.017957,9.782708,9.783745,0.834156,187.244507
3.9496629,-0.128090,-0.025139,9.781511,9.782382,0.764383,191.103836
3.9596868,-0.134075,-0.022745,9.777920,9.778865,0.796476,189.628159
3.9697330,-0.136469,-0.022745,9.782708,9.783687,0.810359,189.462326
3.9811780,-0.137667,-0.023942,9.779117,9.780114,0.818288,189.865799
3.9896507,-0.137667,-0.017957,9.780313,9.781299,0.813251,187.431412
3.9996850,-0.134075,-0.017957,9.777920,9.778855,0.792535,187.628143
4.0097070,-0.132878,-0.019154,9.780313,9.781235,0.786339,188.202347
4.0196648,-0.135272,-0.027533,9.783905,9.784879,0.808425,191.504822
4.0296397,-0.134075,-0.019154,9.777920,9.778857,0.793276,188.130096
4.0396509,-0.132878,-0.020351,9.781511,9.782435,0.787582,188.707367
4.0496697,-0.136469,-0.022745,9.776723,9.777702,0.811083,189.462326
4.0596566,-0.135272,-0.022745,9.780313,9.781276,0.803813,189.544525
4.0696926,-0.140061,-0.028730,9.780313,9.781359,0.837668,191.592178
4.0797591,-0.125696,-0.023942,9.775525,9.776362,0.749910,190.784302
4.0896549,-0.128090,-0.026336,9.779117,9.779990,0.765917,191.618530
4.0996780,-0.129287,-0.016759,9.771935,9.772804,0.764383,187.386047
4.1096587,-0.128090,-0.022745,9.781511,9.782376,0.761818,190.069061
4.1197190,-0.134075,-0.016759,9.780313,9.781247,0.791547,187.125015
4.1297026,-0.132878,-0.022745,9.779117,9.780046,0.789567,189.713257
4.1396980,-0.137667,-0.016759,9.775525,9.776508,0.812529,186.940979
4.1497278,-0.131681,-0.017957,9.777920,9.778823,0.778586,187.765167
4.1596689,-0.126893,-0.021548,9.780313,9.781160,0.754073,189.637543
4.1696429,-0.134075,-0.009577,9.780313,9.781238,0.787582,184.085617
4.1796918,-0.138864,-0.020351,9.779117,9.780124,0.822344,188.337448
4.1896610,-0.131681,-0.017957,9.777920,9.778823,0.778586,187.765167
4.1997237,-0.134075,-0.023942,9.776723,9.777672,0.798194,190.124664
4.2096639,-0.130484,-0.021548,9.779117,9.780010,0.774555,189.377060
4.2196908,-0.135272,-0.023942,9.779117,9.780082,0.805029,190.036896
4.2296681,-0.128090,-0.014365,9.776723,9.777573,0.755370,186.398956
4.2397180,-0.129287,-0.016759,9.780313,9.781182,0.763614,187.386047
4.2496939,-0.136469,-0.011971,9.780313,9.781273,0.802594,185.013107
4.2597070,-0.132878,-0.017957,9.779117,9.780036,0.785592,187.696045
4.2696619,-0.124498,-0.022745,9.776723,9.777542,0.741777,190.353317
4.2796588,-0.132878,-0.026336,9.785102,9.786039,0.793029,191.210632
4.2896671,-0.132878,-0.021548,9.777920,9.778846,0.788575,189.211029
4.2997012,-0.120907,-0.016759,9.777920,9.778682,0.715185,187.891708
4.3096747,-0.131681,-0.008380,9.780313,9.781203,0.772784,183.641190
4.3196516,-0.129287,-0.019154,9.777920,9.778793,0.765917,188.426971
4.3296680,-0.132878,-0.020351,9.781511,9.782435,0.787582,188.707367
4.3397589,-0.126893,-0.017957,9.780313,9.781154,0.750953,188.054413
4.3497472,-0.129287,-0.021548,9.779117,9.779995,0.767958,189.462326
4.3596830,-0.130484,-0.017957,9.774328,9.775215,0.771771,187.835526
4.3696723,-0.129287,-0.023942,9.785102,9.785985,0.769740,190.491470
4.3797412,-0.128090,-0.020351,9.780313,9.781174,0.759761,189.027618
4.3896379,-0.132878,-0.019154,9.779117,9.780038,0.786339,188.202347
4.3996949,-0.130484,-0.022745,9.779117,9.780013,0.775817,189.887985
4.4096556,-0.124498,-0.022745,9.777920,9.778738,0.741249,190.353317
4.4197350,-0.126893,-0.016759,9.773131,9.773970,0.750432,187.523819
4.4296679,-0.130484,-0.007183,9.783905,9.784778,0.765150,183.150711
4.4396577,-0.132878,-0.020351,9.783905,9.784829,0.787333,188.707367
4.4496951,-0.132878,-0.015562,9.776723,9.777638,0.784096,186.679886
4.4597321,-0.131681,-0.022745,9.781511,9.782424,0.782597,189.799850
4.4696550,-0.129287,-0.021548,9.777920,9.778798,0.767958,189.462326
4.4801869,-0.125696,-0.017957,9.777920,9.778744,0.743884,188.130096
4.4896798,-0.126893,-0.021548,9.773131,9.773979,0.754592,189.637543
4.4996920,-0.131681,-0.021548,9.781511,9.782421,0.781346,189.293304
4.5097198,-0.132878,-0.014365,9.782708,9.783621,0.782597,186.170181
4.5196738,-0.134075,-0.021548,9.780313,9.781257,0.795739,189.130173
4.5296521,-0.128090,-0.017957,9.780313,9.781169,0.757698,187.980118
4.5397120,-0.129287,-0.014365,9.774328,9.775194,0.762589,186.340195
4.5496426,-0.130484,-0.019154,9.779117,9.780005,0.772531,188.350754
4.5597000,-0.137667,-0.015562,9.782708,9.783689,0.811565,186.449539
4.5697351,-0.125696,-0.025139,9.782708,9.783548,0.750953,191.309937
4.5796762,-0.138864,-0.022745,9.781511,9.782523,0.824008,189.302048
4.5896506,-0.120907,-0.022745,9.776723,9.777497,0.721179,190.653900
4.5996671,-0.129287,-0.021548,9.781511,9.782390,0.767703,189.462326
4.6096587,-0.130484,-0.004788,9.783905,9.784777,0.764894,182.101654
4.6197119,-0.128090,-0.021548,9.775525,9.776388,0.761304,189.549133
4.6296382,-0.136469,-0.021548,9.782708,9.783684,0.809150,188.972626
4.6397281,-0.134075,-0.025139,9.785102,9.786053,0.798684,190.619659
4.6496511,-0.126893,-0.022745,9.771935,9.772785,0.755888,190.162079
4.6596866,-0.131681,-0.017957,9.780313,9.781217,0.778586,187.765167
4.6697140,-0.140061,-0.020351,9.782708,9.783732,0.828979,188.267166
4.6797061,-0.128090,-0.019154,9.776723,9.777581,0.759246,188.504578
4.6896806,-0.134075,-0.021548,9.781511,9.782454,0.795247,189.130173
4.6996989,-0.125696,-0.020351,9.779117,9.779945,0.745986,189.196655
4.7097139,-0.138864,-0.020351,9.774328,9.775336,0.822819,188.337448
4.7196431,-0.124498,-0.023942,9.773131,9.773953,0.743095,190.885529
4.7296529,-0.148441,-0.020351,9.786300,9.787446,0.876926,187.806396
4.7396379,-0.128090,-0.019154,9.773131,9.773990,0.759246,188.504578
4.7496810,-0.132878,-0.020351,9.777920,9.778844,0.787582,188.707367
4.7596483,-0.137667,-0.020351,9.776723,9.777713,0.815414,188.408905
4.7696500,-0.131681,-0.016759,9.776723,9.777624,0.777832,187.253189
4.7796497,-0.136469,-0.017957,9.777920,9.778889,0.806486,187.495850
4.7896500,-0.126893,-0.016759,9.780313,9.781151,0.749649,187.523819
4.7996607,-0.130484,-0.015562,9.777920,9.778803,0.769994,186.801315
4.8096709,-0.124498,-0.020351,9.780313,9.781127,0.738870,189.283554
4.8197160,-0.137667,-0.023942,9.781511,9.782509,0.818288,189.865799
4.8296361,-0.128090,-0.005986,9.774328,9.775169,0.751734,182.675430
4.8396516,-0.126893,-0.019154,9.775525,9.776367,0.751995,188.583618
4.8496280,-0.131681,-0.017957,9.780313,9.781217,0.778586,187.765167
4.8596559,-0.132878,-0.021548,9.777920,9.778846,0.788575,189.211029
4.8696656,-0.137667,-0.016759,9.779117,9.780100,0.812529,186.940979
4.8796401,-0.126893,-0.016759,9.779117,9.779954,0.749649,187.523819
4.8897719,-0.129287,-0.021548,9.779117,9.779995,0.767958,189.462326
4.8996348,-0.131681,-0.021548,9.780313,9.781224,0.781847,189.293304
4.9096789,-0.130484,-0.021548,9.782708,9.783602,0.774302,189.377060
4.9197135,-0.128090,-0.025139,9.785102,9.785973,0.764383,191.103836
4.9296689,-0.128090,-0.025139,9.782708,9.783579,0.764383,191.103836
4.9397168,-0.129287,-0.016759,9.775525,9.776395,0.764383,187.386047
4.9496570,-0.124498,-0.020351,9.782708,9.783522,0.738870,189.283554
4.9599032,-0.134075,-0.014365,9.776723,9.777653,0.790063,186.115509
4.9696670,-0.129287,-0.022745,9.782708,9.783589,0.768977,189.977707
4.9796572,-0.125696,-0.026336,9.779117,9.779960,0.752255,191.833649
4.9896655,-0.130484,-0.017957,9.779117,9.780004,0.771517,187.835526
4.9996839,-0.130484,-0.023942,9.770737,9.771637,0.777832,190.397339
5.0096698,-0.131681,-0.016759,9.780313,9.781215,0.777832,187.253189
5.0197110,-0.128090,-0.016759,9.781511,9.782364,0.756405,187.454300
5.0296655,-0.130484,-0.025139,9.783905,9.784807,0.778083,190.905014
5.0397167,-0.134075,-0.020351,9.777920,9.778860,0.794508,188.630798
5.0496826,-0.126893,-0.023942,9.777920,9.778772,0.756664,190.684906
5.0597014,-0.138864,-0.021548,9.779117,9.780126,0.823057,188.820374
5.0697489,-0.129287,-0.025139,9.776723,9.777610,0.771771,191.003540
5.0797048,-0.131681,-0.022745,9.777920,9.778832,0.782847,189.799850
5.0897059,-0.129287,-0.023942,9.781511,9.782395,0.770248,190.491470
5.0996718,-0.129287,-0.021548,9.776723,9.777601,0.767958,189.462326
5.1096539,-0.131681,-0.013168,9.779117,9.780012,0.775312,185.710587
5.1197028,-0.130484,-0.013168,9.779117,9.779996,0.768213,185.762634
5.1296940,-0.135272,-0.017957,9.779117,9.780068,0.799419,187.561432
5.1397495,-0.134075,-0.023942,9.781511,9.782459,0.797703,190.124664
5.1496558,-0.129287,-0.019154,9.777920,9.778793,0.765917,188.426971
5.1596556,-0.134075,-0.025139,9.781511,9.782462,0.798929,190.619659
5.1696997,-0.132878,-0.015562,9.775525,9.776441,0.784096,186.679886
5.1796951,-0.142455,-0.022745,9.774328,9.775393,0.845573,189.071503
5.1896582,-0.128090,-0.023942,9.779117,9.779984,0.763358,190.587326
5.1996841,-0.131681,-0.017957,9.770737,9.771641,0.779340,187.765167
5.2096438,-0.134075,-0.016759,9.777920,9.778853,0.791794,187.125015
5.2197161,-0.134075,-0.022745,9.783905,9.784850,0.796230,189.628159
5.2297029,-0.130484,-0.017957,9.779117,9.780004,0.771517,187.835526
5.2396908,-0.136469,-0.016759,9.780313,9.781280,0.805272,187.001266
5.2497449,-0.140061,-0.016759,9.788693,9.789710,0.825668,186.823456
5.2596989,-0.132878,-0.023942,9.782708,9.783640,0.790805,190.213974
5.2696428,-0.125696,-0.022745,9.779117,9.779951,0.748604,190.256821
5.2797017,-0.136469,-0.017957,9.779117,9.780085,0.806243,187.495850
5.2896767,-0.128090,-0.017957,9.781511,9.782367,0.757698,187.980118
5.2997036,-0.138864,-0.015562,9.777920,9.778918,0.818766,186.394394
5.3096347,-0.135272,-0.021548,9.776723,9.777682,0.802594,189.050720
5.3197880,-0.134075,-0.017957,9.776723,9.777658,0.792535,187.628143
5.3296461,-0.134075,-0.016759,9.780313,9.781247,0.791547,187.125015
5.3396792,-0.131681,-0.021548,9.779117,9.780026,0.781596,189.293304
5.3496547,-0.134075,-0.022745,9.775525,9.776471,0.796967,189.628159
5.3597112,-0.129287,-0.019154,9.775525,9.776399,0.765917,188.426971
5.3696961,-0.131681,-0.015562,9.779117,9.780016,0.777077,186.740051
5.3796806,-0.132878,-0.013168,9.779117,9.780028,0.782347,185.659485
5.3896527,-0.129287,-0.023942,9.777920,9.778804,0.770502,190.491470
5.3996987,-0.128090,-0.023942,9.776723,9.777592,0.763870,190.587326
5.4097219,-0.131681,-0.025139,9.785102,9.786020,0.784844,190.808228
5.4197087,-0.141258,-0.022745,9.781511,9.782557,0.837901,189.147079
5.4297619,-0.135272,-0.017957,9.782708,9.783660,0.799174,187.561432
5.4396338,-0.144849,-0.019154,9.783905,9.784996,0.855694,187.532608
5.4496961,-0.140061,-0.011971,9.780313,9.781323,0.823295,184.885208
5.4596519,-0.136469,-0.016759,9.782708,9.783674,0.805272,187.001266
5.4697599,-0.135272,-0.019154,9.780313,9.781268,0.800397,188.059097
5.4796715,-0.132878,-0.016759,9.776723,9.777640,0.784844,187.188538
5.4896679,-0.130484,-0.020351,9.781511,9.782403,0.773543,188.864624
5.4998150,-0.138864,-0.015562,9.781511,9.782509,0.818288,186.394394
5.5097146,-0.132878,-0.023942,9.768343,9.769276,0.791794,190.213974
5.5196629,-0.132878,-0.023942,9.779117,9.780048,0.790805,190.213974
5.5296960,-0.129287,-0.022745,9.781511,9.782393,0.768977,189.977707
5.5397010,-0.130484,-0.023942,9.779117,9.780016,0.777077,190.397339
5.5496740,-0.136469,-0.015562,9.779117,9.780081,0.804543,186.505630
5.5597291,-0.126893,-0.020351,9.776723,9.777568,0.753295,189.111359
5.5696659,-0.132878,-0.017957,9.776723,9.777642,0.785592,187.696045
5.5797129,-0.131681,-0.016759,9.775525,9.776426,0.778083,187.253189
5.5896888,-0.137667,-0.007183,9.781511,9.782483,0.807698,182.986633
5.5997047,-0.120907,-0.021548,9.769540,9.770311,0.720093,190.105042
5.6096439,-0.120907,-0.021548,9.769540,9.770311,0.720093,190.105042
5.6197591,-0.130484,-0.014365,9.780313,9.781195,0.768977,186.282486
5.6296697,-0.132878,-0.020351,9.780313,9.781238,0.787582,188.707367
5.6398005,-0.132878,-0.019154,9.779117,9.780038,0.786339,188.202347
5.6497121,-0.132878,-0.022745,9.779117,9.780046,0.789567,189.713257
5.6597128,-0.143652,-0.026336,9.774328,9.775419,0.855923,190.388855
5.6696830,-0.128090,-0.014365,9.781511,9.782361,0.755111,186.398956
5.6796389,-0.132878,-0.023942,9.780313,9.781245,0.790805,190.213974
5.6897488,-0.136469,-0.017957,9.781511,9.782479,0.806000,187.495850
5.6996551,-0.130484,-0.017957,9.780313,9.781200,0.771517,187.835526
5.7097483,-0.131681,-0.017957,9.781511,9.782414,0.778586,187.765167
5.7196755,-0.131681,-0.016759,9.777920,9.778821,0.777832,187.253189
5.7297297,-0.131681,-0.020351,9.780313,9.781221,0.780594,188.785294
5.7396941,-0.135272,-0.021548,9.780313,9.781273,0.802594,189.050720
5.7496319,-0.132878,-0.016759,9.776723,9.777640,0.784844,187.188538
5.7596526,-0.135272,-0.021548,9.776723,9.777682,0.802594,189.050720
5.7696533,-0.130484,-0.025139,9.774328,9.775231,0.778838,190.905014
5.7796826,-0.128090,-0.015562,9.776723,9.777575,0.756146,186.927216
5.7896519,-0.124498,-0.021548,9.779117,9.779932,0.739928,189.819305
5.7997489,-0.128090,-0.019154,9.774328,9.775187,0.759246,188.504578
5.8096356,-0.135272,-0.019154,9.782708,9.783662,0.799908,188.059097
5.8196530,-0.126893,-0.010774,9.777920,9.778749,0.746248,184.853104
5.8296466,-0.135272,-0.021548,9.781511,9.782471,0.802351,189.050720
5.8396630,-0.134075,-0.009577,9.780313,9.781238,0.787582,184.085617
5.8496828,-0.130484,-0.020351,9.777920,9.778811,0.773796,188.864624
5.8596749,-0.125696,-0.015562,9.779117,9.779937,0.742041,187.057846
5.8697495,-0.132878,-0.025139,9.770737,9.771672,0.792782,190.713120
5.8796387,-0.129287,-0.016759,9.777920,9.778789,0.763870,187.386047
5.8896546,-0.136469,-0.023942,9.779117,9.780098,0.811565,189.950623
5.8996248,-0.137667,-0.023942,9.775525,9.776524,0.818766,189.865799
5.9096537,-0.131681,-0.023942,9.776723,9.777639,0.784595,190.304840
5.9196901,-0.126893,-0.019154,9.779117,9.779959,0.751995,188.583618
5.9296460,-0.126893,-0.014365,9.774328,9.775163,0.748604,186.458817
5.9399667,-0.125696,-0.015562,9.773131,9.773952,0.742568,187.057846
5.9496708,-0.124498,-0.019154,9.779117,9.779928,0.738075,188.746170
5.9596882,-0.128090,-0.025139,9.781511,9.782382,0.764383,191.103836
5.9696240,-0.128090,-0.022745,9.779117,9.779982,0.762075,190.069061
5.9796739,-0.134075,-0.020351,9.779117,9.780057,0.794508,188.630798
5.9896760,-0.131681,-0.016759,9.779117,9.780018,0.777832,187.253189
5.9996748,-0.134075,-0.019154,9.777920,9.778857,0.793276,188.130096
6.0096931,-0.130484,-0.022745,9.776723,9.777620,0.776321,189.887985
6.0197158,-0.131681,-0.020351,9.781511,9.782419,0.780594,188.785294
6.0297198,-0.128090,-0.019154,9.777920,9.778777,0.758730,188.504578
6.0396566,-0.125696,-0.016759,9.781511,9.782333,0.742831,187.594650
6.0496407,-0.130484,-0.025139,9.783905,9.784807,0.778083,190.905014
6.0596595,-0.126893,-0.019154,9.779117,9.779959,0.751995,188.583618
6.0696840,-0.130484,-0.009577,9.780313,9.781189,0.766683,184.197662
6.0797091,-0.131681,-0.017957,9.776723,9.777626,0.778838,187.765167
6.0896554,-0.124498,-0.022745,9.782708,9.783526,0.740985,190.353317
6.0997486,-0.130484,-0.020351,9.777920,9.778811,0.773796,188.864624
6.1096787,-0.125696,-0.023942,9.765948,9.766787,0.750692,190.784302
6.1197338,-0.126893,-0.025139,9.775525,9.776381,0.757956,191.205948
6.1296911,-0.125696,-0.022745,9.775525,9.776360,0.748604,190.256821
6.1397181,-0.130484,-0.021548,9.780313,9.781207,0.774555,189.377060
6.1496696,-0.135272,-0.020351,9.776723,9.777680,0.801863,188.555557
6.1597281,-0.135272,-0.014365,9.781511,9.782457,0.796722,186.061783
6.1696920,-0.135272,-0.014365,9.781511,9.782457,0.796722,186.061783
6.1798129,-0.130484,-0.025139,9.775525,9.776428,0.778838,190.905014
6.1896591,-0.131681,-0.022745,9.769540,9.770453,0.783597,189.799850
6.1999054,-0.130484,-0.022745,9.777920,9.778816,0.775817,189.887985
6.2096677,-0.126893,-0.020351,9.781511,9.782355,0.752775,189.111359
6.2196817,-0.137667,-0.021548,9.781511,9.782504,0.816373,188.895859
6.2297316,-0.138864,-0.020351,9.768343,9.769351,0.823057,188.337448
6.2396660,-0.125696,-0.022745,9.777920,9.778754,0.748604,190.256821
6.2496691,-0.132878,-0.020351,9.782708,9.783632,0.787582,188.707367
6.2596879,-0.125696,-0.021548,9.774328,9.775160,0.747296,189.727585
6.2696819,-0.124498,-0.026336,9.780313,9.781141,0.745461,191.944183
6.2801175,-0.126893,-0.026336,9.774328,9.775187,0.759761,191.725113
6.2896743,-0.124498,-0.022745,9.775525,9.776344,0.741777,190.353317
6.2996521,-0.128090,-0.023942,9.775525,9.776394,0.763870,190.587326
6.3096738,-0.137667,-0.023942,9.780313,9.781312,0.818766,189.865799
6.3197136,-0.126893,-0.017957,9.780313,9.781154,0.750953,188.054413
6.3296938,-0.129287,-0.025139,9.781511,9.782398,0.771517,191.003540
6.3396897,-0.134075,-0.020351,9.781511,9.782451,0.794015,188.630798
6.3496675,-0.138864,-0.017957,9.781511,9.782514,0.820199,187.368057
6.3597479,-0.134075,-0.025139,9.776723,9.777675,0.799419,190.619659
6.3696537,-0.130484,-0.022745,9.781511,9.782408,0.775564,189.887985
6.3797979,-0.128090,-0.023942,9.781511,9.782379,0.763102,190.587326
6.3896699,-0.140061,-0.020351,9.781511,9.782536,0.829215,188.267166
6.3996692,-0.135272,-0.020351,9.780313,9.781270,0.801374,188.555557
6.4096479,-0.131681,-0.017957,9.775525,9.776428,0.778838,187.765167
6.4197578,-0.125696,-0.025139,9.771935,9.772776,0.751734,191.309937
6.4296370,-0.134075,-0.020351,9.781511,9.782451,0.794015,188.630798
6.4404407,-0.140061,-0.021548,9.780313,9.781340,0.829923,188.746170
6.4496346,-0.126893,-0.015562,9.775525,9.776361,0.749127,186.991928
6.4597478,-0.132878,-0.020351,9.780313,9.781238,0.787582,188.707367
6.4696789,-0.130484,-0.025139,9.767146,9.768049,0.779089,190.905014
6.4796476,-0.126893,-0.017957,9.779117,9.779956,0.750692,188.054413
6.4905672,-0.129287,-0.029928,9.775525,9.776425,0.777580,193.033356
6.4997244,-0.134075,-0.020351,9.779117,9.780057,0.794508,188.630798
6.5096874,-0.140061,-0.023942,9.780313,9.781345,0.832277,189.700394
6.5197158,-0.132878,-0.023942,9.780313,9.781245,0.790805,190.213974
6.5296669,-0.138864,-0.021548,9.776723,9.777733,0.823532,188.820374
6.5397048,-0.128090,-0.021548,9.776723,9.777586,0.761304,189.549133
6.5496297,-0.131681,-0.016759,9.777920,9.778821,0.777832,187.253189
6.5596275,-0.132878,-0.023942,9.779117,9.780048,0.790805,190.213974
6.5697174,-0.128090,-0.025139,9.774328,9.775200,0.765150,191.103836
6.5797095,-0.138864,-0.019154,9.782708,9.783712,0.820915,187.853317
6.5896916,-0.134075,-0.017957,9.780313,9.781249,0.792535,187.628143
6.5997081,-0.141258,-0.016759,9.780313,9.781348,0.833452,186.766174
6.6097445,-0.138864,-0.011971,9.775525,9.776519,0.816852,184.927109
6.6196847,-0.132878,-0.022745,9.782708,9.783637,0.789567,189.713257
6.6296968,-0.131681,-0.023942,9.779117,9.780032,0.784096,190.304840
6.6400070,-0.131681,-0.014365,9.773131,9.774029,0.776321,186.225830
6.6497817,-0.136469,-0.015562,9.779117,9.780081,0.804543,186.505630
6.6596665,-0.130484,-0.011971,9.780313,9.781191,0.767448,185.241821
6.6696458,-0.132878,-0.021548,9.780313,9.781240,0.788327,189.211029
6.6796498,-0.134075,-0.026336,9.781511,9.782466,0.800397,191.113037
6.6902061,-0.131681,-0.028730,9.775525,9.776454,0.789815,192.308014
6.6997347,-0.134075,-0.022745,9.779117,9.780062,0.796476,189.628159
6.7097087,-0.135272,-0.019154,9.777920,9.778874,0.800642,188.059097
6.7197089,-0.124498,-0.019154,9.779117,9.779928,0.738075,188.746170
6.7297311,-0.126893,-0.022745,9.779117,9.779966,0.755370,190.162079
6.7397027,-0.128090,-0.011971,9.780313,9.781159,0.753554,185.339233
6.7496777,-0.135272,-0.025139,9.776723,9.777691,0.806243,190.527786
6.7596669,-0.136469,-0.014365,9.780313,9.781276,0.803813,186.009003
6.7697387,-0.129287,-0.021548,9.777920,9.778798,0.767958,189.462326
6.7796507,-0.135272,-0.021548,9.775525,9.776484,0.802594,189.050720
6.7896695,-0.141258,-0.015562,9.780313,9.781346,0.832748,186.286896
6.8001838,-0.132878,-0.022745,9.774328,9.775258,0.790310,189.713257
6.8096566,-0.132878,-0.020351,9.779117,9.780041,0.787582,188.707367
6.8196607,-0.130484,-0.019154,9.776723,9.777613,0.773037,188.350754
6.8296599,-0.134075,-0.021548,9.780313,9.781257,0.795739,189.130173
6.8397031,-0.132878,-0.019154,9.779117,9.780038,0.786339,188.202347
6.8496680,-0.134075,-0.017957,9.771935,9.772871,0.793276,187.628143
6.8598094,-0.132878,-0.023942,9.781511,9.782443,0.790805,190.213974
6.8697166,-0.123301,-0.023942,9.771935,9.772742,0.736748,190.988647
6.8796439,-0.126893,-0.017957,9.775525,9.776365,0.751214,188.054413
6.8896809,-0.135272,-0.016759,9.780313,9.781263,0.798439,187.062607
6.8997235,-0.125696,-0.016759,9.777920,9.778742,0.742831,187.594650
6.9096527,-0.135272,-0.015562,9.779117,9.780065,0.797703,186.562698
6.9196377,-0.132878,-0.023942,9.783905,9.784837,0.790805,190.213974
6.9296336,-0.131681,-0.020351,9.775525,9.776433,0.780845,188.785294
6.9396510,-0.131681,-0.021548,9.773131,9.774042,0.782097,189.293304
6.9496598,-0.138864,-0.019154,9.780313,9.781319,0.821391,187.853317
6.9596391,-0.130484,-0.021548,9.777920,9.778813,0.774555,189.377060
6.9696889,-0.135272,-0.022745,9.782708,9.783669,0.803082,189.544525
6.9796448,-0.131681,-0.015562,9.780313,9.781213,0.777077,186.740051
6.9896550,-0.129287,-0.016759,9.775525,9.776395,0.764383,187.386047
6.9996409,-0.130484,-0.019154,9.776723,9.777613,0.773037,188.350754
7.0096469,-0.131681,-0.016759,9.779117,9.780018,0.777832,187.253189
7.0196614,-0.136469,-0.020351,9.781511,9.782484,0.807940,188.481613
7.0296340,-0.132878,-0.023942,9.777920,9.778852,0.791053,190.213974
7.0399451,-0.141258,-0.021548,9.781511,9.782555,0.836733,188.673172
7.0496469,-0.132878,-0.002394,9.781511,9.782414,0.778586,181.032242
7.0596499,-0.129287,-0.020351,9.771935,9.772811,0.767448,188.945389
7.0696526,-0.130484,-0.019154,9.780313,9.781203,0.772784,188.350754
7.0796661,-0.135272,-0.022745,9.781511,9.782473,0.803326,189.544525
7.0896368,-0.123301,-0.026336,9.774328,9.775142,0.739134,192.056763
7.0996666,-0.125696,-0.015562,9.773131,9.773952,0.742568,187.057846
7.1096687,-0.126893,-0.016759,9.777920,9.778757,0.749910,187.523819
7.1197147,-0.123301,-0.022745,9.776723,9.777527,0.734620,190.451630
7.1296768,-0.130484,-0.022745,9.782708,9.783605,0.775564,189.887985
7.1396875,-0.136469,-0.014365,9.779117,9.780079,0.803813,186.009003
7.1496887,-0.126893,-0.025139,9.770737,9.771593,0.758472,191.205948
7.1596818,-0.128090,-0.020351,9.777920,9.778780,0.760018,189.027618
7.1696596,-0.130484,-0.023942,9.779117,9.780016,0.777077,190.397339
7.1797266,-0.136469,-0.013168,9.780313,9.781275,0.803326,185.511475
7.1896391,-0.131681,-0.022745,9.781511,9.782424,0.782597,189.799850
7.1997299,-0.129287,-0.019154,9.777920,9.778793,0.765917,188.426971
7.2096691,-0.123301,-0.022745,9.774328,9.775132,0.734886,190.451630
7.2196808,-0.129287,-0.019154,9.780313,9.781187,0.765662,188.426971
7.2296486,-0.132878,-0.013168,9.780313,9.781225,0.782347,185.659485
7.2396641,-0.141258,-0.019154,9.776723,9.777762,0.835563,187.721832
7.2496719,-0.126893,-0.017957,9.782708,9.783547,0.750432,188.054413
7.2596560,-0.137667,-0.022745,9.771935,9.772931,0.818288,189.381516
7.2697067,-0.130484,-0.022745,9.774328,9.775226,0.776321,189.887985
7.2797279,-0.125696,-0.019154,9.777920,9.778747,0.745198,188.664139
7.2896481,-0.130484,-0.020351,9.779117,9.780008,0.773796,188.864624
7.2996869,-0.128090,-0.023942,9.780313,9.781181,0.763358,190.587326
7.3096571,-0.125696,-0.020351,9.774328,9.775158,0.746510,189.196655
7.3198137,-0.129287,-0.014365,9.777920,9.778785,0.762075,186.340195
7.3296890,-0.132878,-0.020351,9.779117,9.780041,0.787582,188.707367
7.3396521,-0.143652,-0.017957,9.782708,9.783779,0.847884,187.125015
7.3497248,-0.130484,-0.017957,9.777920,9.778807,0.771771,187.835526
7.3597388,-0.135272,-0.017957,9.780313,9.781265,0.799419,187.561432
7.3696976,-0.131681,-0.021548,9.777920,9.778831,0.782097,189.293304
7.3796659,-0.137667,-0.015562,9.783905,9.784886,0.811565,186.449539
7.3897548,-0.128090,-0.023942,9.785102,9.785970,0.763102,190.587326
7.3997197,-0.129287,-0.025139,9.782708,9.783595,0.771517,191.003540
7.4096899,-0.128090,-0.023942,9.777920,9.778788,0.763358,190.587326
7.4197044,-0.135272,-0.023942,9.783905,9.784870,0.804786,190.036896
7.4297996,-0.128090,-0.021548,9.781511,9.782373,0.760790,189.549133
7.4397259,-0.129287,-0.008380,9.779117,9.779975,0.758988,183.708435
7.4496646,-0.137667,-0.014365,9.773131,9.774112,0.811565,185.957138
7.4596939,-0.138864,-0.022745,9.782708,9.783720,0.824008,189.302048
7.4696746,-0.129287,-0.021548,9.773131,9.774011,0.768468,189.462326
7.4796758,-0.137667,-0.020351,9.782708,9.783698,0.815174,188.408905
7.4896536,-0.132878,-0.021548,9.779117,9.780043,0.788575,189.211029
7.4996624,-0.126893,-0.019154,9.779117,9.779959,0.751995,188.583618
7.5096779,-0.128090,-0.020351,9.779117,9.779977,0.760018,189.027618
7.5196757,-0.132878,-0.013168,9.776723,9.777635,0.782347,185.659485
7.5296669,-0.132878,-0.017957,9.776723,9.777642,0.785592,187.696045
7.5397224,-0.130484,-0.023942,9.785102,9.786001,0.776825,190.397339
7.5496874,-0.128090,-0.020351,9.780313,9.781174,0.759761,189.027618
7.5597758,-0.134075,-0.025139,9.775525,9.776477,0.799419,190.619659
7.5696487,-0.128090,-0.014365,9.779117,9.779966,0.755370,186.398956
7.5797067,-0.132878,-0.025139,9.781511,9.782446,0.792041,190.713120
7.5896454,-0.125696,-0.027533,9.782708,9.783554,0.753554,192.355362
7.5996799,-0.130484,-0.019154,9.782708,9.783597,0.772278,188.350754
7.6096387,-0.134075,-0.023942,9.777920,9.778868,0.797703,190.124664
7.6196747,-0.129287,-0.023942,9.777920,9.778804,0.770502,190.491470
7.6296644,-0.125696,-0.023942,9.777920,9.778757,0.749910,190.784302
7.6396966,-0.125696,-0.022745,9.776723,9.777557,0.748604,190.256821
7.6497035,-0.135272,-0.007183,9.777920,9.778858,0.793769,183.039398
7.6597118,-0.125696,-0.017957,9.777920,9.778744,0.743884,188.130096
7.6697259,-0.137667,-0.021548,9.779117,9.780109,0.816373,188.895859
7.6797071,-0.132878,-0.020351,9.775525,9.776449,0.787830,188.707367
7.6896720,-0.137667,-0.022745,9.785102,9.786097,0.816852,189.381516
7.6996760,-0.136469,-0.025139,9.781511,9.782495,0.812770,190.437469
7.7096758,-0.136469,-0.023942,9.779117,9.780098,0.811565,189.950623
7.7196717,-0.125696,-0.019154,9.781511,9.782337,0.744410,188.664139
7.7296739,-0.134075,-0.021548,9.773131,9.774075,0.795985,189.130173
7.7396479,-0.130484,-0.007183,9.777920,9.778792,0.765406,183.150711
7.7496381,-0.129287,-0.023942,9.773131,9.774016,0.771010,190.491470
7.7596607,-0.131681,-0.022745,9.779117,9.780029,0.782847,189.799850
7.7696738,-0.128090,-0.021548,9.779117,9.779979,0.760790,189.549133
7.7796917,-0.130484,-0.015562,9.779117,9.779999,0.769485,186.801315
7.7896495,-0.132878,-0.016759,9.775525,9.776443,0.784844,187.188538
7.7997198,-0.126893,-0.021548,9.780313,9.781160,0.754073,189.637543
7.8096819,-0.131681,-0.022745,9.777920,9.778832,0.782847,189.799850
7.8196497,-0.129287,-0.015562,9.777920,9.778787,0.762845,186.863693
7.8297114,-0.134075,-0.021548,9.782708,9.783650,0.795247,189.130173
7.8396525,-0.132878,-0.019154,9.780313,9.781235,0.786339,188.202347
7.8497539,-0.114922,-0.022745,9.771935,9.772637,0.687280,191.195114
7.8596869,-0.132878,-0.019154,9.777920,9.778841,0.786587,188.202347
7.8696632,-0.126893,-0.020351,9.777920,9.778764,0.752775,189.111359
7.8796549,-0.130484,-0.022745,9.777920,9.778816,0.775817,189.887985
7.8896646,-0.135272,-0.011971,9.782708,9.783650,0.795247,185.057251
7.8996568,-0.132878,-0.025139,9.780313,9.781248,0.792041,190.713120
7.9096437,-0.134075,-0.020351,9.779117,9.780057,0.794508,188.630798
7.9196448,-0.138864,-0.023942,9.771935,9.772951,0.826379,189.782410
7.9296746,-0.131681,-0.021548,9.776723,9.777634,0.782097,189.293304
7.9397202,-0.132878,-0.021548,9.780313,9.781240,0.788327,189.211029
7.9496527,-0.136469,-0.023942,9.779117,9.780098,0.811565,189.950623
7.9597478,-0.132878,-0.021548,9.776723,9.777650,0.789071,189.211029
7.9696522,-0.128090,-0.014365,9.771935,9.772785,0.755888,186.398956
7.9797707,-0.129287,-0.016759,9.776723,9.777593,0.764127,187.386047
7.9896350,-0.132878,-0.020351,9.777920,9.778844,0.787582,188.707367
7.9996748,-0.135272,-0.021548,9.780313,9.781273,0.802594,189.050720
8.0096531,-0.136469,-0.017957,9.776723,9.777692,0.806728,187.495850
8.0196629,-0.128090,-0.021548,9.773131,9.773994,0.761304,189.549133
8.0296373,-0.128090,-0.015562,9.781511,9.782362,0.755629,186.927216
8.0397577,-0.134075,-0.014365,9.777920,9.778850,0.790063,186.115509
8.0496435,-0.136469,-0.021548,9.775525,9.776502,0.809876,188.972626
8.0600529,-0.126893,-0.021548,9.776723,9.777570,0.754073,189.637543
8.0696535,-0.135272,-0.023942,9.777920,9.778885,0.805029,190.036896
8.0796404,-0.132878,-0.016759,9.774328,9.775246,0.785093,187.188538
8.0896416,-0.120907,-0.023942,9.764751,9.765530,0.723346,191.200790
8.0996618,-0.134075,-0.015562,9.780313,9.781245,0.790805,186.620773
8.1096420,-0.122104,-0.025139,9.779117,9.779911,0.730346,191.633636
8.1196537,-0.134075,-0.016759,9.777920,9.778853,0.791794,187.125015
8.1296406,-0.131681,-0.016759,9.777920,9.778821,0.777832,187.253189
8.1396532,-0.128090,-0.015562,9.777920,9.778770,0.755629,186.927216
8.1496372,-0.129287,-0.019154,9.773131,9.774005,0.765917,188.426971
8.1597166,-0.137667,-0.019154,9.779117,9.780104,0.813973,187.920746
8.1696739,-0.135272,-0.021548,9.780313,9.781273,0.802594,189.050720
8.1796398,-0.131681,-0.021548,9.775525,9.776436,0.782097,189.293304
8.1896439,-0.124498,-0.026336,9.781511,9.782339,0.745461,191.944183
8.1997013,-0.125696,-0.022745,9.782708,9.783543,0.748343,190.256821
8.2097158,-0.118513,-0.017957,9.774328,9.775063,0.702208,188.615646
8.2196646,-0.135272,-0.022745,9.777920,9.778882,0.803813,189.544525
8.2297411,-0.130484,-0.023942,9.776723,9.777623,0.777580,190.397339
8.2397003,-0.132878,-0.022745,9.779117,9.780046,0.789567,189.713257
8.2496624,-0.130484,-0.014365,9.776723,9.777604,0.769231,186.282486
8.2597122,-0.138864,-0.021548,9.786300,9.787309,0.822819,188.820374
8.2696934,-0.129287,-0.023942,9.777920,9.778804,0.770502,190.491470
8.2797117,-0.134075,-0.016759,9.776723,9.777657,0.791794,187.125015
8.2896547,-0.132878,-0.020351,9.771935,9.772860,0.788327,188.707367
8.2996969,-0.134075,-0.014365,9.782708,9.783637,0.789567,186.115509
8.3096628,-0.134075,-0.016759,9.774328,9.775262,0.791794,187.125015
8.3196707,-0.134075,-0.017957,9.780313,9.781249,0.792535,187.628143
8.3296881,-0.135272,-0.022745,9.779117,9.780078,0.803326,189.544525
8.3397369,-0.126893,-0.023942,9.773131,9.773985,0.757181,190.684906
8.3496609,-0.137667,-0.015562,9.775525,9.776506,0.811806,186.449539
8.3596859,-0.132878,-0.021548,9.776723,9.777650,0.789071,189.211029
8.3701334,-0.128090,-0.020351,9.775525,9.776385,0.760018,189.027618
8.3797131,-0.125696,-0.020351,9.774328,9.775158,0.746510,189.196655
8.3897915,-0.131681,-0.013168,9.782708,9.783604,0.775312,185.710587
8.3997126,-0.132878,-0.023942,9.785102,9.786034,0.790558,190.213974
8.4097519,-0.128090,-0.026336,9.782708,9.783582,0.765662,191.618530
8.4196987,-0.129287,-0.019154,9.780313,9.781187,0.765662,188.426971
8.4296694,-0.125696,-0.019154,9.779117,9.779943,0.744936,188.664139
8.4397249,-0.132878,-0.022745,9.774328,9.775258,0.790310,189.713257
8.4496813,-0.138864,-0.020351,9.776723,9.777730,0.822344,188.337448
8.4596949,-0.135272,-0.017957,9.780313,9.781265,0.799419,187.561432
8.4701967,-0.131681,-0.017957,9.775525,9.776428,0.778838,187.765167
8.4796743,-0.137667,-0.020351,9.775525,9.776515,0.815414,188.408905
8.4896688,-0.130484,-0.022745,9.775525,9.776423,0.776321,189.887985
8.4996700,-0.129287,-0.023942,9.773131,9.774016,0.771010,190.491470
8.5096378,-0.130484,-0.015562,9.781511,9.782393,0.769485,186.801315
8.5197048,-0.130484,-0.019154,9.773131,9.774021,0.773037,188.350754
8.5296507,-0.126893,-0.025139,9.771935,9.772791,0.758472,191.205948
8.5397015,-0.132878,-0.025139,9.771935,9.772870,0.792782,190.713120
8.5496874,-0.131681,-0.015562,9.775525,9.776424,0.777077,186.740051
8.5596724,-0.140061,-0.022745,9.773131,9.774161,0.831807,189.223923
8.5696793,-0.134075,-0.019154,9.773131,9.774070,0.794015,188.130096
8.5797205,-0.134075,-0.019154,9.773131,9.774070,0.794015,188.130096
8.5897694,-0.135272,-0.021548,9.777920,9.778879,0.802594,189.050720
8.5997601,-0.125696,-0.022745,9.773131,9.773967,0.749127,190.256821
8.6096573,-0.131681,-0.015562,9.775525,9.776424,0.777077,186.740051
8.6196604,-0.129287,-0.025139,9.777920,9.778807,0.771771,191.003540
8.6296511,-0.132878,-0.017957,9.774328,9.775248,0.785841,187.696045
8.6397505,-0.134075,-0.019154,9.780313,9.781251,0.793276,188.130096
8.6496868,-0.130484,-0.020351,9.773131,9.774024,0.774302,188.864624
8.6596613,-0.134075,-0.021548,9.776723,9.777666,0.795739,189.130173
8.6698179,-0.137667,-0.013168,9.780313,9.781291,0.810117,185.463837
8.6797647,-0.137667,-0.020351,9.781511,9.782501,0.815174,188.408905
8.6896791,-0.134075,-0.014365,9.779117,9.780046,0.790063,186.115509
8.6997366,-0.124498,-0.021548,9.781511,9.782327,0.739664,189.819305
8.7096386,-0.136469,-0.025139,9.780313,9.781298,0.812770,190.437469
8.7198582,-0.128090,-0.016759,9.780313,9.781166,0.756405,187.454300
8.7296810,-0.131681,-0.021548,9.777920,9.778831,0.782097,189.293304
8.7397213,-0.131681,-0.014365,9.780313,9.781211,0.776069,186.225830
8.7496605,-0.134075,-0.014365,9.779117,9.780046,0.790063,186.115509
8.7597466,-0.132878,-0.021548,9.779117,9.780043,0.788575,189.211029
8.7696791,-0.135272,-0.008380,9.780313,9.781253,0.794015,183.544769
8.7796640,-0.130484,-0.016759,9.777920,9.778805,0.770756,187.319016
8.7897167,-0.130484,-0.022745,9.777920,9.778816,0.775817,189.887985
8.7996922,-0.136469,-0.017957,9.777920,9.778889,0.806486,187.495850
8.8096552,-0.128090,-0.026336,9.782708,9.783582,0.765662,191.618530
8.8196640,-0.130484,-0.020351,9.775525,9.776417,0.773796,188.864624
8.8296852,-0.137667,-0.020351,9.776723,9.777713,0.815414,188.408905
8.8396883,-0.137667,-0.013168,9.779117,9.780094,0.810117,185.463837
8.8497982,-0.130484,-0.016759,9.780313,9.781199,0.770756,187.319016
8.8597183,-0.123301,-0.021548,9.781511,9.782312,0.733287,189.912750
8.8696737,-0.134075,-0.014365,9.773131,9.774061,0.790310,186.115509
8.8797121,-0.135272,-0.019154,9.777920,9.778874,0.800642,188.059097
8.8896818,-0.138864,-0.025139,9.775525,9.776544,0.827089,190.261368
8.8996830,-0.131681,-0.020351,9.774328,9.775236,0.780845,188.785294
8.9096622,-0.137667,-0.005986,9.779117,9.780087,0.807213,182.489548
8.9196472,-0.128090,-0.016759,9.779117,9.779969,0.756664,187.454300
8.9296741,-0.126893,-0.011971,9.779117,9.779947,0.746772,185.389313
8.9397221,-0.132878,-0.023942,9.771935,9.772867,0.791547,190.213974
8.9496946,-0.123301,-0.026336,9.787497,9.788309,0.738340,192.056763
8.9597006,-0.136469,-0.023942,9.779117,9.780098,0.811565,189.950623
8.9696455,-0.142455,-0.010774,9.780313,9.781357,0.836966,184.325058
8.9797049,-0.134075,-0.020351,9.780313,9.781254,0.794508,188.630798
8.9896193,-0.134075,-0.020351,9.776723,9.777663,0.794508,188.630798
8.9999132,-0.130484,-0.017957,9.775525,9.776412,0.771771,187.835526
9.0096970,-0.130484,-0.017957,9.775525,9.776412,0.771771,187.835526
9.0196562,-0.130484,-0.025139,9.776723,9.777626,0.778838,190.905014
9.0296431,-0.138864,-0.019154,9.779117,9.780121,0.821153,187.853317
9.0397387,-0.126893,-0.019154,9.776723,9.777565,0.751995,188.583618
9.0496378,-0.131681,-0.021548,9.781511,9.782421,0.781346,189.293304
9.0596466,-0.140061,-0.016759,9.780313,9.781331,0.826379,186.823456
9.0696554,-0.137667,-0.015562,9.777920,9.778901,0.811806,186.449539
9.0796623,-0.135272,-0.025139,9.779117,9.780085,0.806243,190.527786
9.0896740,-0.119710,-0.023942,9.773131,9.773893,0.715458,191.309937
9.0996485,-0.122104,-0.021548,9.774328,9.775114,0.726585,190.007980
9.1097784,-0.125696,-0.013168,9.779117,9.779933,0.740193,185.980606
9.1196489,-0.137667,-0.025139,9.783905,9.784906,0.819722,190.348679
9.1296415,-0.120907,-0.027533,9.773131,9.773918,0.727124,192.828781
9.1396360,-0.130484,-0.020351,9.777920,9.778811,0.773796,188.864624
9.1497002,-0.123301,-0.009577,9.780313,9.781096,0.724428,184.441238
9.1597013,-0.131681,-0.026336,9.780313,9.781236,0.786836,191.309937
9.1696424,-0.125696,-0.025139,9.769540,9.770381,0.751734,191.309937
9.1797638,-0.128090,-0.019154,9.777920,9.778777,0.758730,188.504578
9.1896296,-0.140061,-0.017957,9.780313,9.781333,0.827325,187.305756
9.1996479,-0.136469,-0.010774,9.781511,9.782469,0.801619,184.513992
9.2096405,-0.136469,-0.016759,9.783905,9.784871,0.805029,187.001266
9.2199383,-0.138864,-0.017957,9.775525,9.776528,0.820915,187.368057
9.2296619,-0.124498,-0.019154,9.777920,9.778731,0.738075,188.746170
9.2396421,-0.122104,-0.022745,9.775525,9.776314,0.727662,190.551804
9.2498665,-0.131681,-0.020351,9.775525,9.776433,0.780845,188.785294
9.2619457,-0.130484,-0.015562,9.773131,9.774014,0.770248,186.801315
9.2797079,-0.132878,-0.022745,9.769540,9.770470,0.790558,189.713257
9.2896633,-0.117316,-0.025139,9.768343,9.769080,0.703878,192.094757
9.2996979,-0.132878,-0.021548,9.785102,9.786028,0.788327,189.211029
9.3096809,-0.132878,-0.010774,9.776723,9.777632,0.781095,184.635468
9.3196898,-0.134075,-0.014365,9.779117,9.780046,0.790063,186.115509
9.3296490,-0.137667,-0.019154,9.782708,9.783695,0.813973,187.920746
9.3397331,-0.128090,-0.019154,9.776723,9.777581,0.759246,188.504578
9.3496609,-0.119710,-0.021548,9.776723,9.777479,0.712718,190.203979
9.3597012,-0.125696,-0.022745,9.775525,9.776360,0.748604,190.256821
9.3696480,-0.136469,-0.020351,9.776723,9.777697,0.808667,188.481613
9.3797264,-0.126893,-0.013168,9.781511,9.782343,0.747034,185.924576
9.3896885,-0.131681,-0.022745,9.775525,9.776439,0.783347,189.799850
9.3996630,-0.138864,-0.017957,9.782708,9.783710,0.820199,187.368057
9.4096670,-0.137667,-0.023942,9.780313,9.781312,0.818766,189.865799
9.4197350,-0.138864,-0.014365,9.779117,9.780113,0.818049,185.906143
9.4297037,-0.131681,-0.017957,9.781511,9.782414,0.778586,187.765167
9.4397039,-0.135272,-0.022745,9.779117,9.780078,0.803326,189.544525
9.4498596,-0.135272,-0.017957,9.776723,9.777676,0.799908,187.561432
9.4596863,-0.128090,-0.020351,9.775525,9.776385,0.760018,189.027618
9.4697180,-0.131681,-0.015562,9.773131,9.774031,0.777329,186.740051
9.4797125,-0.132878,-0.022745,9.777920,9.778849,0.789815,189.713257
9.4897337,-0.129287,-0.022745,9.775525,9.776406,0.769231,189.977707
9.4996662,-0.131681,-0.025139,9.776723,9.777642,0.785592,190.808228
9.5096502,-0.125696,-0.020351,9.774328,9.775158,0.746510,189.196655
9.5196600,-0.126893,-0.019154,9.769540,9.770383,0.752775,188.583618
9.5297508,-0.131681,-0.022745,9.779117,9.780029,0.782847,189.799850
9.5397224,-0.130484,-0.019154,9.774328,9.775218,0.773037,188.350754
9.5496426,-0.135272,-0.021548,9.779117,9.780076,0.802594,189.050720
9.5596609,-0.130484,-0.014365,9.774328,9.775209,0.769231,186.282486
9.5696917,-0.128090,-0.025139,9.780313,9.781184,0.764383,191.103836
9.5797081,-0.130484,-0.025139,9.776723,9.777626,0.778838,190.905014
9.5897751,-0.128090,-0.010774,9.774328,9.775173,0.753295,184.807953
9.5996799,-0.131681,-0.017957,9.775525,9.776428,0.778838,187.765167
9.6096992,-0.135272,-0.020351,9.780313,9.781270,0.801374,188.555557
9.6196442,-0.123301,-0.021548,9.773131,9.773933,0.734087,189.912750
9.6297894,-0.136469,-0.022745,9.785102,9.786080,0.810117,189.462326
9.6396666,-0.128090,-0.026336,9.776723,9.777597,0.766428,191.618530
9.6496658,-0.131681,-0.020351,9.779117,9.780025,0.780594,188.785294
9.6596804,-0.132878,-0.019154,9.776723,9.777644,0.786587,188.202347
9.6696863,-0.136469,-0.014365,9.773131,9.774095,0.804299,186.009003
9.6796808,-0.134075,-0.022745,9.780313,9.781259,0.796476,189.628159
9.6896582,-0.129287,-0.021548,9.775525,9.776403,0.767958,189.462326
9.6996651,-0.125696,-0.026336,9.773131,9.773975,0.753035,191.833649
9.7096434,-0.124498,-0.017957,9.774328,9.775138,0.737544,188.207214
9.7197313,-0.122104,-0.019154,9.774328,9.775109,0.724428,188.914932
9.7296619,-0.129287,-0.022745,9.771935,9.772817,0.769740,189.977707
9.7397747,-0.132878,-0.007183,9.776723,9.777629,0.780093,183.094055
9.7496529,-0.128090,-0.022745,9.774328,9.775194,0.762589,190.069061
9.7596827,-0.135272,-0.020351,9.779117,9.780073,0.801374,188.555557
9.7696638,-0.140061,-0.025139,9.780313,9.781348,0.833452,190.175507
9.7797003,-0.135272,-0.022745,9.777920,9.778882,0.803813,189.544525
9.7897043,-0.140061,-0.025139,9.775525,9.776561,0.833922,190.175507
9.7996807,-0.129287,-0.020351,9.773131,9.774008,0.767193,188.945389
9.8096552,-0.131681,-0.020351,9.775525,9.776433,0.780845,188.785294
9.8197041,-0.134075,-0.016759,9.775525,9.776459,0.791794,187.125015
9.8296623,-0.131681,-0.010774,9.779117,9.780009,0.774049,184.677414
9.8396845,-0.132878,-0.021548,9.777920,9.778846,0.788575,189.211029
9.8497381,-0.134075,-0.020351,9.777920,9.778860,0.794508,188.630798
9.8597488,-0.134075,-0.013168,9.780313,9.781241,0.789319,185.609268
9.8697128,-0.134075,-0.016759,9.781511,9.782445,0.791547,187.125015
9.8797350,-0.124498,-0.020351,9.779117,9.779930,0.739134,189.283554
9.8896780,-0.136469,-0.019154,9.775525,9.776496,0.807456,187.989334
9.8996782,-0.130484,-0.021548,9.781511,9.782405,0.774555,189.377060
9.9096699,-0.129287,-0.017957,9.779117,9.779987,0.764639,187.907166
9.9196854,-0.135272,-0.011971,9.777920,9.778863,0.795739,185.057251
9.9296474,-0.126893,-0.021548,9.779117,9.779963,0.754073,189.637543
9.9397221,-0.137667,-0.023942,9.775525,9.776524,0.818766,189.865799
9.9497185,-0.134075,-0.021548,9.774328,9.775271,0.795985,189.130173
9.9597139,-0.136469,-0.016759,9.775525,9.776492,0.805758,187.001266
9.9696665,-0.141258,-0.016759,9.779117,9.780151,0.833452,186.766174
9.9796648,-0.131681,-0.015562,9.775525,9.776424,0.777077,186.740051
9.9897099,-0.126893,-0.025139,9.776723,9.777578,0.757956,191.205948
9.9996958,-0.135272,-0.016759,9.779117,9.780066,0.798439,187.062607
10.0096607,-0.120907,-0.023942,9.774328,9.775105,0.722534,191.200790
10.0196924,-0.129287,-0.020351,9.775525,9.776402,0.767193,188.945389
10.0296726,-0.132878,-0.022745,9.774328,9.775258,0.790310,189.713257
10.0401278,-0.132878,-0.020351,9.776723,9.777647,0.787830,188.707367
10.0496912,-0.134075,-0.021548,9.774328,9.775271,0.795985,189.130173
10.0596447,-0.134075,-0.015562,9.776723,9.777655,0.791053,186.620773
10.0696869,-0.134075,-0.015562,9.775525,9.776457,0.791053,186.620773
10.0796299,-0.132878,-0.019154,9.777920,9.778841,0.786587,188.202347
10.0896730,-0.129287,-0.020351,9.779117,9.779992,0.766683,188.945389
10.0996742,-0.130484,-0.014365,9.777920,9.778801,0.769231,186.282486
10.1097431,-0.131681,-0.019154,9.776723,9.777629,0.780093,188.275894
10.1197577,-0.136469,-0.009577,9.777920,9.778876,0.801374,184.014175
10.1296701,-0.136469,-0.016759,9.779117,9.780083,0.805272,187.001266
10.1397161,-0.136469,-0.015562,9.780313,9.781278,0.804543,186.505630
10.1496706,-0.125696,-0.023942,9.779117,9.779954,0.749649,190.784302
10.1597376,-0.134075,-0.019154,9.779117,9.780054,0.793276,188.130096
10.1697617,-0.131681,-0.020351,9.777920,9.778828,0.780845,188.785294
10.1797113,-0.132878,-0.025139,9.773131,9.774067,0.792782,190.713120
10.1896582,-0.132878,-0.020351,9.780313,9.781238,0.787582,188.707367
10.1997051,-0.135272,-0.020351,9.775525,9.776483,0.801863,188.555557
10.2096596,-0.131681,-0.019154,9.776723,9.777629,0.780093,188.275894
10.2196455,-0.135272,-0.022745,9.774328,9.775290,0.804056,189.544525
10.2296677,-0.137667,-0.015562,9.779117,9.780098,0.811565,186.449539
10.2396803,-0.134075,-0.015562,9.775525,9.776457,0.791053,186.620773
10.2496758,-0.126893,-0.020351,9.776723,9.777568,0.753295,189.111359
10.2596741,-0.135272,-0.025139,9.771935,9.772903,0.806728,190.527786
10.2696619,-0.136469,-0.017957,9.779117,9.780085,0.806243,187.495850
10.2797241,-0.132878,-0.022745,9.773131,9.774061,0.790310,189.713257
10.2898102,-0.128090,-0.026336,9.770737,9.771611,0.766428,191.618530
10.2996407,-0.128090,-0.019154,9.771935,9.772793,0.759246,188.504578
10.3096523,-0.132878,-0.016759,9.777920,9.778837,0.784844,187.188538
10.3196707,-0.143652,-0.015562,9.781511,9.782578,0.846267,186.182938
10.3297186,-0.138864,-0.016759,9.780313,9.781314,0.819483,186.881729
10.3396254,-0.137667,-0.025139,9.771935,9.772937,0.820676,190.348679
10.3496895,-0.126893,-0.016759,9.775525,9.776362,0.749910,187.523819
10.3596582,-0.122104,-0.021548,9.777920,9.778706,0.726316,190.007980
10.3696575,-0.129287,-0.022745,9.775525,9.776406,0.769231,189.977707
10.3796520,-0.140061,-0.016759,9.780313,9.781331,0.826379,186.823456
10.3897181,-0.134075,-0.026336,9.777920,9.778874,0.800642,191.113037
10.3997269,-0.125696,-0.020351,9.774328,9.775158,0.746510,189.196655
10.4096794,-0.130484,-0.019154,9.775525,9.776415,0.773037,188.350754
10.4196939,-0.131681,-0.023942,9.781511,9.782427,0.783846,190.304840
10.4296722,-0.129287,-0.022745,9.776723,9.777604,0.769231,189.977707
10.4396620,-0.136469,-0.020351,9.779117,9.780089,0.808183,188.481613
10.4496832,-0.130484,-0.021548,9.773131,9.774026,0.775060,189.377060
10.4597130,-0.128090,-0.022745,9.777920,9.778785,0.762075,190.069061
10.4697514,-0.128090,-0.019154,9.779117,9.779974,0.758730,188.504578
10.4796648,-0.135272,-0.015562,9.777920,9.778868,0.797703,186.562698
10.4896498,-0.129287,-0.021548,9.773131,9.774011,0.768468,189.462326
10.4996710,-0.137667,-0.016759,9.781511,9.782495,0.812288,186.940979
10.5096664,-0.135272,-0.015562,9.776723,9.777671,0.797949,186.562698
10.5196991,-0.124498,-0.023942,9.780313,9.781136,0.742831,190.885529
10.5296812,-0.130484,-0.021548,9.783905,9.784799,0.774302,189.377060
10.5396547,-0.132878,-0.010774,9.779117,9.780025,0.781095,184.635468
10.5497122,-0.131681,-0.019154,9.774328,9.775234,0.780093,188.275894
10.5597286,-0.135272,-0.020351,9.777920,9.778876,0.801374,188.555557
10.5696707,-0.132878,-0.025139,9.771935,9.772870,0.792782,190.713120
10.5796738,-0.126893,-0.023942,9.781511,9.782364,0.756405,190.684906
10.5897255,-0.128090,-0.021548,9.774328,9.775191,0.761304,189.549133
10.5996723,-0.131681,-0.025139,9.781511,9.782430,0.785093,190.808228
10.6097775,-0.132878,-0.027533,9.771935,9.772877,0.795739,191.706436
10.6197071,-0.136469,-0.017957,9.776723,9.777692,0.806728,187.495850
10.6296864,-0.140061,-0.020351,9.775525,9.776549,0.829451,188.267166
10.6396856,-0.126893,-0.025139,9.775525,9.776381,0.757956,191.205948
10.6496906,-0.130484,-0.022745,9.774328,9.775226,0.776321,189.887985
10.6597023,-0.132878,-0.019154,9.776723,9.777644,0.786587,188.202347
10.6697235,-0.134075,-0.017957,9.776723,9.777658,0.792535,187.628143
10.6797361,-0.131681,-0.017957,9.774328,9.775231,0.778838,187.765167
10.6897888,-0.125696,-0.023942,9.776723,9.777560,0.749910,190.784302
10.6997147,-0.132878,-0.023942,9.781511,9.782443,0.790805,190.213974
10.7096519,-0.132878,-0.021548,9.774328,9.775255,0.789071,189.211029
10.7197132,-0.140061,-0.016759,9.775525,9.776543,0.826616,186.823456
10.7297287,-0.132878,-0.019154,9.781511,9.782433,0.786339,188.202347
10.7396860,-0.134075,-0.022745,9.777920,9.778865,0.796476,189.628159
10.7497101,-0.136469,-0.016759,9.768343,9.769311,0.806486,187.001266
10.7597103,-0.128090,-0.021548,9.777920,9.778782,0.760790,189.549133
10.7696905,-0.126893,-0.022745,9.777920,9.778769,0.755370,190.162079
10.7799492,-0.129287,-0.021548,9.774328,9.775207,0.767958,189.462326
10.7896528,-0.125696,-0.019154,9.779117,9.779943,0.744936,188.664139
10.7996912,-0.128090,-0.022745,9.782708,9.783573,0.761818,190.069061
10.8096857,-0.130484,-0.020351,9.771935,9.772827,0.774302,188.864624
10.8196802,-0.126893,-0.022745,9.768343,9.769194,0.756146,190.162079
10.8296623,-0.124498,-0.023942,9.779117,9.779939,0.742831,190.885529
10.8397532,-0.137667,-0.022745,9.771935,9.772931,0.818288,189.381516
10.8496742,-0.123301,-0.023942,9.782708,9.783514,0.735419,190.988647
10.8597393,-0.129287,-0.025139,9.781511,9.782398,0.771517,191.003540
10.8696861,-0.130484,-0.022745,9.780313,9.781210,0.775817,189.887985
10.8797045,-0.123301,-0.015562,9.775525,9.776315,0.728199,187.193466
10.8896961,-0.135272,-0.017957,9.781511,9.782463,0.799174,187.561432
10.8997192,-0.129287,-0.025139,9.770737,9.771625,0.772278,191.003540
10.9096565,-0.126893,-0.016759,9.779117,9.779954,0.749649,187.523819
10.9196768,-0.124498,-0.022745,9.773131,9.773951,0.741777,190.353317
10.9297056,-0.129287,-0.027533,9.774328,9.775222,0.774807,192.022278
10.9396601,-0.128090,-0.019154,9.776723,9.777581,0.759246,188.504578
10.9496746,-0.126893,-0.021548,9.774328,9.775175,0.754073,189.637543
10.9597187,-0.132878,-0.016759,9.777920,9.778837,0.784844,187.188538
10.9697189,-0.131681,-0.021548,9.781511,9.782421,0.781346,189.293304
10.9797325,-0.120907,-0.023942,9.774328,9.775105,0.722534,191.200790
10.9897356,-0.129287,-0.025139,9.773131,9.774019,0.772278,191.003540
10.9996586,-0.125696,-0.017957,9.773131,9.773956,0.744410,188.130096
11.0096359,-0.132878,-0.022745,9.783905,9.784834,0.789567,189.713257
11.0196848,-0.130484,-0.023942,9.779117,9.780016,0.777077,190.397339
11.0297155,-0.125696,-0.025139,9.779117,9.779957,0.750953,191.309937
11.0397406,-0.126893,-0.020351,9.770737,9.771582,0.753554,189.111359
11.0499458,-0.124498,-0.027533,9.769540,9.770371,0.747558,192.470459
11.0597038,-0.130484,-0.014365,9.774328,9.775209,0.769231,186.282486
11.0697117,-0.130484,-0.022745,9.777920,9.778816,0.775817,189.887985
11.0797663,-0.131681,-0.023942,9.776723,9.777639,0.784595,190.304840
11.0896854,-0.134075,-0.023942,9.771935,9.772883,0.798439,190.124664
11.0996552,-0.124498,-0.014365,9.781511,9.782314,0.734087,186.581940
11.1109610,-0.122104,-0.021548,9.776723,9.777509,0.726316,190.007980
11.1207628,-0.132878,-0.022745,9.774328,9.775258,0.790310,189.713257
11.1296825,-0.130484,-0.020351,9.777920,9.778811,0.773796,188.864624
11.1397858,-0.131681,-0.021548,9.782708,9.783618,0.781346,189.293304
11.1497011,-0.129287,-0.014365,9.773131,9.773997,0.762589,186.340195
11.1597080,-0.132878,-0.022745,9.771935,9.772864,0.790310,189.713257
11.1697206,-0.138864,-0.022745,9.775525,9.776538,0.824720,189.302048
11.1798172,-0.128090,-0.025139,9.780313,9.781184,0.764383,191.103836
11.1896486,-0.130484,-0.013168,9.779117,9.779996,0.768213,185.762634
11.1996880,-0.129287,-0.022745,9.776723,9.777604,0.769231,189.977707
11.2096863,-0.134075,-0.022745,9.774328,9.775274,0.797213,189.628159
11.2197056,-0.124498,-0.016759,9.776723,9.777530,0.735951,187.666809
11.2297316,-0.134075,-0.015562,9.780313,9.781245,0.790805,186.620773
11.2397461,-0.130484,-0.016759,9.775525,9.776410,0.771010,187.319016
11.2496920,-0.129287,-0.020351,9.779117,9.779992,0.766683,188.945389
11.2597303,-0.132878,-0.022745,9.774328,9.775258,0.790310,189.713257
11.2696638,-0.134075,-0.023942,9.781511,9.782459,0.797703,190.124664
11.2796783,-0.134075,-0.021548,9.779117,9.780059,0.795247,189.130173
11.2896776,-0.135272,-0.025139,9.773131,9.774100,0.806728,190.527786
11.2996359,-0.134075,-0.021548,9.771935,9.772878,0.795985,189.130173
11.3096762,-0.134075,-0.016759,9.776723,9.777657,0.791794,187.125015
11.3197136,-0.134075,-0.011971,9.779117,9.780043,0.788575,185.102158
11.3296919,-0.132878,-0.019154,9.775525,9.776446,0.786587,188.202347
11.3396616,-0.136469,-0.021548,9.777920,9.778895,0.809392,188.972626
11.3496561,-0.130484,-0.022745,9.780313,9.781210,0.775817,189.887985
11.3596764,-0.130484,-0.022745,9.770737,9.771634,0.776573,189.887985
11.3696642,-0.128090,-0.015562,9.776723,9.777575,0.756146,186.927216
11.3796654,-0.129287,-0.017957,9.779117,9.779987,0.764639,187.907166
11.3897257,-0.130484,-0.017957,9.777920,9.778807,0.771771,187.835526
11.3996801,-0.132878,-0.020351,9.774328,9.775252,0.787830,188.707367
11.4096594,-0.126893,-0.020351,9.771935,9.772779,0.753554,189.111359
11.4196692,-0.123301,-0.026336,9.773131,9.773945,0.739134,192.056763
11.4296751,-0.126893,-0.021548,9.777920,9.778767,0.754073,189.637543
11.4396572,-0.131681,-0.023942,9.763555,9.764472,0.785343,190.304840
11.4496536,-0.130484,-0.017957,9.773131,9.774019,0.772278,187.835526
11.4596491,-0.132878,-0.020351,9.769540,9.770465,0.788327,188.707367
11.4699030,-0.130484,-0.010774,9.776723,9.777599,0.767193,184.720139
11.4798861,-0.128090,-0.021548,9.780313,9.781176,0.760790,189.549133
11.4897308,-0.122104,-0.020351,9.775525,9.776309,0.725507,189.462326
11.4996891,-0.131681,-0.020351,9.777920,9.778828,0.780845,188.785294
11.5096912,-0.129287,-0.023942,9.775525,9.776409,0.770502,190.491470
11.5196791,-0.137667,-0.022745,9.774328,9.775324,0.817810,189.381516
11.5296793,-0.131681,-0.023942,9.771935,9.772851,0.784595,190.304840
11.5396738,-0.128090,-0.020351,9.776723,9.777583,0.760018,189.027618
11.5498772,-0.135272,-0.017957,9.774328,9.775281,0.799908,187.561432
11.5596972,-0.131681,-0.019154,9.769540,9.770446,0.780344,188.275894
11.5696840,-0.136469,-0.017957,9.773131,9.774100,0.806728,187.495850
11.5796547,-0.130484,-0.017957,9.774328,9.775215,0.771771,187.835526
11.5896540,-0.136469,-0.015562,9.776723,9.777688,0.805029,186.505630
11.5996571,-0.129287,-0.009577,9.773131,9.773992,0.760276,184.236389
11.6096525,-0.129287,-0.016759,9.774328,9.775198,0.764383,187.386047
11.6196718,-0.132878,-0.026336,9.773131,9.774070,0.794015,191.210632
11.6296816,-0.135272,-0.020351,9.770737,9.771694,0.802107,188.555557
11.6396694,-0.134075,-0.022745,9.774328,9.775274,0.797213,189.628159
11.6496944,-0.128090,-0.023942,9.773131,9.774000,0.763870,190.587326
11.6596870,-0.129287,-0.022745,9.781511,9.782393,0.768977,189.977707
11.6696377,-0.132878,-0.022745,9.781511,9.782440,0.789567,189.713257
11.6796799,-0.134075,-0.022745,9.769540,9.770486,0.797213,189.628159
11.6896763,-0.135272,-0.019154,9.780313,9.781268,0.800397,188.059097
11.6996803,-0.138864,-0.014365,9.776723,9.777719,0.818049,185.906143
11.7096844,-0.137667,-0.015562,9.776723,9.777704,0.811806,186.449539
11.7196779,-0.136469,-0.020351,9.779117,9.780089,0.808183,188.481613
11.7296934,-0.134075,-0.017957,9.775525,9.776461,0.792535,187.628143
11.7396870,-0.131681,-0.022745,9.774328,9.775242,0.783347,189.799850
11.7497368,-0.136469,-0.017957,9.771935,9.772904,0.807213,187.495850
11.7596846,-0.128090,-0.021548,9.771935,9.772798,0.761562,189.549133
11.7696629,-0.130484,-0.021548,9.775525,9.776420,0.775060,189.377060
11.7796822,-0.124498,-0.019154,9.780313,9.781125,0.738075,188.746170
11.7896891,-0.124498,-0.022745,9.774328,9.775147,0.741777,190.353317
11.7996864,-0.130484,-0.025139,9.773131,9.774035,0.778838,190.905014
11.8096752,-0.128090,-0.026336,9.770737,9.771611,0.766428,191.618530
11.8197098,-0.128090,-0.021548,9.773131,9.773994,0.761304,189.549133
11.8301325,-0.134075,-0.023942,9.774328,9.775277,0.798439,190.124664
11.8396959,-0.136469,-0.020351,9.773131,9.774105,0.808667,188.481613
11.8496857,-0.124498,-0.016759,9.776723,9.777530,0.735951,187.666809
11.8596573,-0.128090,-0.022745,9.775525,9.776390,0.762075,190.069061
11.8697186,-0.135272,-0.011971,9.777920,9.778863,0.795739,185.057251
11.8796892,-0.128090,-0.021548,9.776723,9.777586,0.761304,189.549133
11.8896894,-0.131681,-0.016759,9.777920,9.778821,0.777832,187.253189
11.8996668,-0.123301,-0.019154,9.781511,9.782308,0.731149,188.829742
11.9096584,-0.132878,-0.014365,9.777920,9.778832,0.782847,186.170181
11.9196873,-0.131681,-0.015562,9.774328,9.775228,0.777077,186.740051
11.9296904,-0.128090,-0.021548,9.776723,9.777586,0.761304,189.549133
11.9396706,-0.125696,-0.026336,9.773131,9.773975,0.753035,191.833649
11.9497032,-0.118513,-0.019154,9.780313,9.781051,0.703322,189.180542
11.9596643,-0.124498,-0.023942,9.767146,9.767969,0.743884,190.885529
11.9696760,-0.122104,-0.023942,9.769540,9.770332,0.729810,191.093719
11.9796467,-0.123301,-0.026336,9.771935,9.772748,0.739399,192.056763
11.9896336,-0.135272,-0.016759,9.776723,9.777673,0.798684,187.062607
11.9996843,-0.126893,-0.023942,9.773131,9.773985,0.757181,190.684906
12.0096788,-0.134075,-0.027533,9.775525,9.776484,0.802351,191.604767
12.0196762,-0.129287,-0.021548,9.771935,9.772814,0.768468,189.462326
12.0296516,-0.130484,-0.021548,9.779117,9.780010,0.774555,189.377060
12.0396585,-0.130484,-0.017957,9.779117,9.780004,0.771517,187.835526
12.0496588,-0.126893,-0.016759,9.775525,9.776362,0.749910,187.523819
12.0596790,-0.130484,-0.016759,9.775525,9.776410,0.771010,187.319016
12.0696621,-0.136469,-0.019154,9.777920,9.778891,0.807456,187.989334
12.0796795,-0.140061,-0.017957,9.777920,9.778939,0.827325,187.305756
12.0896778,-0.126893,-0.016759,9.777920,9.778757,0.749910,187.523819
12.0996628,-0.128090,-0.022745,9.780313,9.781178,0.762075,190.069061
12.1096563,-0.126893,-0.013168,9.780313,9.781145,0.747034,185.924576
12.1197071,-0.126893,-0.011971,9.777920,9.778750,0.746772,185.389313
12.1301069,-0.128090,-0.019154,9.773131,9.773990,0.759246,188.504578
12.1396599,-0.131681,-0.013168,9.773131,9.774028,0.776069,185.710587
12.1496811,-0.137667,-0.016759,9.779117,9.780100,0.812529,186.940979
12.1596794,-0.141258,-0.013168,9.782708,9.783737,0.831101,185.325745
12.1696730,-0.135272,-0.019154,9.782708,9.783662,0.799908,188.059097
12.1796808,-0.125696,-0.019154,9.774328,9.775155,0.745198,188.664139
12.1896791,-0.132878,-0.022745,9.781511,9.782440,0.789567,189.713257
12.1996641,-0.137667,-0.015562,9.780313,9.781295,0.811565,186.449539
